0.030759526070469233 0.026367514039356506
0.030759526070469233 0.026916566551864127
0.030759526070469233 0.026733549047694916
0.030759526070469233 0.026642040295610313
0.030759526070469233 0.02658713504435955
0.03094249676667848 0.02655053154352571
0.031230011173481287 0.02652438618578725
0.03144564697858339 0.026504777167483406
0.03161336371588502 0.026489525708802638
0.03174753710572633 0.026477324541858027
0.03185731533377831 0.026467341768903342
0.03194879719048829 0.026459022791441106
0.03202620491539674 0.026451983656665366
0.032170959245215194 0.02652438618578725
0.03229641299772452 0.02658713504435955
0.032406185031170175 0.02664204029561031
0.032503042707739876 0.02662589169230126
0.03258913842024627 0.026611537378248774
0.032666171426173056 0.02665648904593946
0.03273550113150715 0.026696945546861073
0.03285049399987389 0.026733549047694913
0.032905142705918496 0.02676682495754386
0.03295503935056791 0.026797207310014635
0.03300077794149654 0.026825057799779516
0.03304285744515088 0.026850680250363204
0.03308170006390874 0.026874331743209686
0.03311766545164749 0.026896231273623093
0.03315106188311919 0.026916566551864116
0.033182155112420425 0.026935499397123
0.03321117545976825 0.02695317005269796
0.033238323526642015 0.026969700665977755
0.03326377483933617 0.026985198115927568
0.03328768364823068 0.026999756326486483
0.03331018605660199 0.0270134581717184
0.033331402613066365 0.027026377054365638
0.033351440471949385 0.027038578221310252
0.033370395203325215 0.027079796589349437
0.03338835231726021 0.027089949812376342
0.03340538855355751 0.027099582357299302
0.03342157297803995 0.027108733274976114
0.0334369679184013 0.027117437806424793
0.03345162976636448 0.027125727836375912
0.033465609667910776 0.027133632283538607
0.03347895411938678 0.027166132864339096
0.033491705484130524 0.027197188974881784
0.03350390244171149 0.0272268948197487
0.03351558037982093 0.027231974058996
0.03352677173717581 0.027236841663274666
0.03353750630443457 0.02724151058982767
0.03354781148900298 0.027245992759318553
0.03355771254868636 0.02727182932950368
0.033567232798381905 0.027296672185450916
0.03357639379337197 0.027320577575135993
0.03358521549225128 0.02734359758001792
0.03359371640208044 0.02736578049381323
0.03360191370798713 0.02738717116068728
0.03360982338912517 0.02738854743969929
0.03361746032263775 0.027408807963821027
0.033624838377048216 0.027428381690514907
0.033631970496311656 0.027447302959652326
0.033638868775599254 0.02746560385930983
0.033645544529748536 0.02748331440736548
0.03365200835519467 0.027500462715800315
0.03364111912486816 0.02753423091900618
0.03363056494778247 0.027550068256233164
0.03362033059424483 0.027582061581456537
0.03361040174379787 0.027613099882046375
0.03360076491836405 0.027643225291442395
0.03359140742120368 0.02767247750056607
0.03358231728110503 0.027700893932286207
0.033573483201290846 0.02772850990114099
0.03356489451258262 0.02775535875974981
0.033571577677243884 0.027781472033191257
0.033578080215833216 0.02780687954248564
0.033584409353393505 0.027831609518198838
0.03359057193470221 0.02785568870507748
0.03359657444896393 0.027879142458530702
0.03360242305260356 0.02790199483369025
0.03360812359032826 0.02792426866770652
0.03361368161460984 0.027945985655872384
0.033619102403723976 0.02798072072271926
0.033624390978469476 0.02801460859281377
0.033629552117678936 0.02804767988772528
0.0336215228974006 0.028079963770853183
0.03361368259995234 0.02811148803320161
0.03360602463500287 0.028142279173169835
0.03359854271522465 0.028172362470839943
0.033591230839077765 0.028201762057199365
0.0335840832747544 0.02823050097869678
0.033577094545193774 0.02825860125749425
0.033570259414085035 0.02828608394774672
0.033563572872783005 0.028312969188211096
0.03355703012806811 0.028339276251461182
0.03355062659068758 0.028365023589961267
0.03354435786462033 0.028390228879229772
0.033538219737012806 0.028414909058305182
0.0335322081687374 0.028450398142732185
0.033526319285528836 0.028485162960130067
0.03352054936965782 0.02851922545798456
0.03352587153128979 0.028552606705881958
0.033520220304388886 0.02859619572477717
0.033514679885858586 0.02863893005702738
0.03350924704827062 0.028680834596418358
0.03351447318754547 0.028721933279282588
0.03351959978131032 0.02876224913009226
0.03352462964689093 0.028801804304471563
0.03351930691761436 0.028840620129797045
0.03352424634923696 0.028878717143542426
0.03352909514908666 0.02892618547738933
0.0335338557889391 0.028972790750620835
0.0335385306514969 0.02901855628919952
0.03354312203436617 0.02906350458601787
0.033547632153821824 0.029097943462374334
0.03355206314837474 0.029131778147917526
0.03355641708215283 0.029165024404146925
0.03356069594810716 0.029197697449062022
0.03356490167105372 0.029229811980388827
0.03356903611056051 0.02926138219762535
0.033573101063689034 0.02929242182297554
0.033577098267598755 0.029322944121236563
0.03358102940202236 0.029352961918699884
0.03358489609161935 0.029382487621122822
0.03358869990821475 0.029411533230823433
0.0335924423729296 0.029440110362948232
0.033596124958208996 0.029468230260959034
0.03359974908975381 0.02949590381138236
0.03359467309388407 0.029523141557862013
0.03358967641044981 0.02954995371455292
0.03358475719497577 0.02957635017889203
0.03357991365973979 0.029602340543779773
0.033575144071606645 0.02962793410920358
0.03357044674996037 0.029653139893333083
0.03356582006472983 0.029677966643114777
0.03356126243450273 0.029702422844392264
0.033556772324723434 0.029726516731576752
0.03355234824597031 0.029750256296890883
0.033547988752308466 0.029773649299207724
0.033543692439714196 0.02979670327250548
0.033539457944567315 0.02981942553395723
0.033543124427340795 0.02984182319167395
0.033546738903266426 0.029863903152118093
0.033550302471080436 0.02988567212720387
0.03355381619878515 0.029907136641099636
0.03355728112471619 0.02992830303674685
0.03356069825856542 0.029949177482109273
0.033564068582361925 0.02996976597616536
0.033567393051412896 0.029982606685495697
0.03357067259520642 0.02999527387172697
0.03357390811827789 0.03000777102861286
0.033577100501041734 0.030020101556740276
0.03358025060059017 0.030032268766614342
0.03358335925146033 0.030037053354139708
0.033586427266371406 0.030041775398037287
0.03358945543693299 0.030046436116689446
0.03359244453432603 0.030051036697036414
0.03359539530995762 0.030055578295584064
0.03359830849609073 0.030060062039373142
0.033601184806449996 0.03006448902691173
0.03360402493680474 0.03006886032907247
0.03360682956553006 0.0300731769899562
0.03360959935414698 0.030077440027723366
0.03361233494784271 0.03008165043539464
0.03361503697597162 0.03007907360892581
0.03361770605253798 0.030076528207170015
0.03362034277666111 0.03008066758815971
0.033622947733023725 0.030084757097089288
0.03362552149230415 0.030088797629864023
0.03362806461159314 0.0300927900610581
0.03363057763479587 0.030096735244545744
0.03363306109301975 0.030094175788524743
0.03363551550494861 0.030091646267661882
0.03363794137720388 0.03009552928977123
0.03363399430342986 0.03010571322594437
0.03363009259831991 0.03011578010537989
0.033626235484125494 0.030125731934764716
0.03362242220077421 0.03013557067517926
0.033618652005370384 0.030145298243385733
0.033614924171712676 0.03015491651307303
0.03361123798982768 0.03016442731605991
0.03360759276551918 0.030173832443458046
0.03360398781993233 0.030183133646796537
0.03360042248913214 0.030192332639109327
0.03359689612369589 0.030201431095987007
0.03359340808831873 0.03021043065659428
0.033589957761432136 0.03021933292465444
0.03358654453483464 0.03022813946940213
0.033583167813334446 0.03023685182650546
0.0335798270144034 0.030239632008654205
0.033576521567842 0.030242382770886034
0.033573250915454926 0.030245104577725945
0.03357001451073683 0.030247797883970678
0.033561094384366975 0.030250463134942025
0.03355226669453981 0.030253100766732325
0.033543530011824266 0.03025571120644231
0.033534882936110934 0.03025829487241168
0.03352632409586407 0.03026085217444259
0.03351785214739635 0.03026338351401633
0.03350946577416569 0.030265889284503467
0.03350116368609312 0.03026836987136762
0.03349294461890128 0.03027082565236313
0.03348480733347254 0.030273256997726844
0.033476750615226265 0.030275664270364183
0.033468773273514434 0.030278047826029726
0.03346087414103507 0.03028040801350247
0.03345305207326282 0.03028274517475597
0.03344530594789613 0.030285059645123513
0.033437634664320426 0.03028735175345852
0.033430037143086795 0.0302896218222903
0.033422512325405634 0.03028661706582468
0.03341505917265477 0.030283640926087305
0.033407676665901546 0.0302858963059185
0.03340036380543845 0.030288130408581478
0.03339311961033181 0.03029034353375466
0.03338594311798318 0.03028740560939588
0.033378833383702906 0.030284495014566017
0.0333717894802956 0.030281611369688283
0.03336481049765703 0.030278754302182697
0.03336293108076088 0.030270886887212866
0.03335605628243652 0.03026309132078157
0.03334924398227874 0.030255366623136017
0.033342493331896136 0.030247711832256486
0.03333580349818365 0.03024012600345695
0.03333409629691063 0.030222760030523765
0.03333240433850611 0.030205549110920337
0.03333072741973185 0.030188491177268944
0.03332906534094675 0.030171584198782606
0.03333225344751903 0.030154826180459143
0.03333059925526806 0.030138215162296412
0.033328959510110986 0.030121749218528115
0.03333210649281857 0.030105426456879542
0.03333522622892262 0.030093998719249636
0.03333831907074992 0.0300826694965993
0.033341385364578695 0.03006672462339225
0.033344425450767906 0.03005091603115278
0.03334743966388317 0.03003524198012386
0.03335042833281949 0.030019700760035864
0.03335339178092091 0.0300089240440204
0.0333563303260971 0.029998237888643725
0.03335924428093709 0.029987641157161415
0.03336213395282008 0.02997713273177479
0.03336499964402355 0.029966711513237848
0.03336784165182864 0.02995637642047394
0.033375177082756134 0.029946126390201912
0.03338245238720061 0.02993596037657146
0.033389668301404725 0.02992587735080738
0.03339236381860575 0.02992033987311613
0.03339503750975656 0.02991484723330092
0.033397689638881956 0.02990939888896809
0.03340032046576539 0.029903994306437132
0.033402930246033746 0.029898632960566423
0.03340551923124021 0.02989331433458313
0.033408087668945034 0.029888037919917163
0.033410635802794485 0.02988280321603907
0.03341316387259787 0.02987760973030175
0.03341567211440281 0.029876762742029883
0.03341816076056864 0.02987592237085389
0.03342063003983824 0.02987081628318037
0.033423080177408075 0.029870005474799732
0.03342551139499667 0.02986920092748767
0.03342792391091152 0.029868402569001085
0.03343031794011437 0.02986761032820405
0.033432693694285136 0.02986682413504669
0.03343505138188427 0.029866043920544517
0.0334373912082137 0.029865269616758273
0.0334397133754765 0.02986450115677419
0.03344201808283507 0.029867865912088832
0.033444305526468106 0.029871205463243816
0.03344657589962627 0.02987861645124561
0.033448829392686605 0.029885972338964863
0.03345513132592558 0.029893273738626935
0.03346138675043216 0.029904571981710593
0.033467596179170306 0.02991578714947746
0.03347376011758803 0.029926920154843106
0.03347987906375453 0.02993797189739586
0.033485953508494364 0.029948943263639144
0.033491983935518686 0.029959835127228485
0.033497970821553674 0.029970648349203467
0.0335039146364661 0.0299813837782146
0.033509815843386324 0.029992042250745365
0.03351567489882855 0.03000654483389576
0.03352149225280855 0.03002094419581377
0.03352726834895891 0.030035241434597605
0.03353300362464177 0.030049437632824666
0.033538698511059256 0.030063533857824773
0.03354435343336154 0.03007753116194769
0.03354996881075261 0.030091430582824992
0.03355554505659392 0.03010523314362649
0.033561082578505784 0.030118939853311315
0.03356658177846669 0.030132551706873754
0.03357204305291063 0.030146069685584035
0.03357746679282231 0.030155722702521197
0.033582853383830484 0.030165309602903995
0.03358820320629935 0.030178577370583014
0.03359351663541809 0.03019175488133904
0.033598794041288564 0.0302048430530391
0.03360403578901127 0.030217842791146587
0.033609242238769516 0.03023075498893012
0.03361809663556008 0.030243580527668127
0.03362322123332479 0.030256320276849356
0.0336283116671044 0.030268975094369377
0.033633368277403757 0.03028154582672315
0.033638391400217675 0.03029403330919379
0.033643381367105436 0.03030281569963968
0.03364833850526367 0.030315151060933153
0.03365326313759792 0.030327405534611586
0.033658155582792726 0.030335992763630172
0.0336630161553804 0.0303445240497887
0.03366784516580842 0.03035299993798516
0.03367264292050551 0.030361420966063844
0.03367740972194649 0.030369787664929114
0.03368214586871582 0.03037810055865699
0.03368685165556996 0.030386360164604557
0.03369152737349852 0.03039456699351732
0.03369617330978422 0.030402721549634453
0.03370078974806176 0.030410824330792115
0.033705376968375514 0.030415401944453295
0.03370993524723619 0.030419950677271185
0.03371446485767635 0.030424470801706575
0.03371896606930498 0.03042896258680381
0.033723439148360936 0.030429995597690263
0.03372788435776544 0.030431022172371817
0.03373230195717365 0.03043204237081311
0.03373669220302516 0.030433056252236194
0.033741055348593625 0.03043406387513197
0.03374539164403552 0.030431687148503802
0.03374970133643789 0.030429325003020587
0.033753984669865324 0.03042697730491036
0.03375824188540601 0.030424643922032514
0.033762473221216956 0.030422324723853013
0.033766678912568446 0.030420019581420054
0.0337708591918876 0.03041441123778664
0.033775014288801225 0.030408836679355834
0.03377914443017782 0.030403295601756447
0.033783249840168936 0.030397787704262443
0.03378733074024965 0.030392312689738556
0.033791387349258455 0.03039013803209343
0.03379541988343635 0.03038471820956128
0.03379942855646526 0.030379330456984946
0.0338034135795058 0.0303739744905595
0.033807375161234346 0.03036865002981891
0.03381131350787943 0.030363356797587067
0.03381522882325759 0.030361304958181772
0.033819121308808466 0.030359265082854643
0.0338229911636294 0.030357237067267787
0.033826838584509335 0.030355220808293032
0.03383066376596223 0.030353216203994428
0.03383446690025977 0.030351223153611093
0.03383824817746364 0.0303492415575403
0.033842007785457186 0.03034727131732092
0.03384574590997647 0.030345312335617082
0.033849462734640956 0.03034336451620215
0.03385315844098347 0.030341427763942986
0.03385683320847987 0.03033950198478444
0.03386048721457797 0.030337587085734134
0.03386412063472623 0.030335682974847494
0.03386773364240174 0.03033687354534081
0.0338713264091379 0.030338057445971425
0.0338748991045515 0.03033923473263203
0.03387845189636949 0.03034040546059258
0.03387893610091528 0.0303415696845089
0.03387941762288742 0.030345768522634153
0.03387989648451716 0.03034994416275871
0.033880372707790825 0.03035409679660159
0.03388084631445309 0.03035822661377501
0.03388131732601036 0.030365341328844934
0.033881785763733976 0.030372417165690436
0.033882251648663465 0.03037945444211716
0.033882715001609644 0.030386453472476347
0.03388317584315773 0.030393414567711635
0.03388363419367043 0.030400338035405115
0.03388409007329088 0.030407224179822615
0.03388454350194562 0.030414073301958302
0.03388499449934752 0.03042088569957852
0.033885443084998614 0.030427661667264932
0.0338858892781929 0.030434401496457025
0.03388633309801913 0.030441105475493835
0.033886774563363524 0.030444862092926808
0.03388721369291245 0.030448598834077068
0.03388765050515504 0.030452315856276665
0.03388808501838583 0.03045601331520153
0.033888517250707274 0.03046257259157711
0.03388894722003227 0.030469097526191563
0.03388937494408664 0.030475588388040407
0.03388980044041156 0.030479186726216665
0.033890223726365964 0.030482766371727078
0.03389064481912889 0.030483483365765267
0.033891063735701825 0.030487033409387902
0.033891480492910984 0.030490565153816603
0.03388907333898139 0.030494078740176265
0.03388667852943092 0.030497574308144336
0.03388429596954567 0.03050105199596935
0.0338819255655782 0.030504511940489136
0.03387956722473525 0.030507954277148766
0.03387722085516561 0.03051137914001825
0.03387766527207116 0.03051200736009534
0.03387810744444688 0.030512632407343757
0.03387854738925395 0.030513254305739538
0.033878985123283106 0.03051111454045119
0.03387942066315672 0.03050898550080338
0.03387985402533097 0.030506867106353815
0.03388028522609786 0.030502021197955823
0.03388071428158731 0.030497199398554838
0.03388114120776912 0.030492401528679415
0.03388156602045497 0.03048762741063506
0.033881988735300406 0.030480165661631944
0.033882409367806704 0.030472740670013078
0.03388282793332279 0.030462654118095005
0.033883244447047135 0.030452617010058882
0.03388365892402956 0.030442628983235652
0.033884071379173035 0.030430011218413655
0.033884481827235524 0.030417454853907094
0.03388489028283169 0.030404959442626292
0.03388795435325391 0.030389865390243128
0.033891003621403556 0.030374844255987417
0.03389403819428502 0.030357249035828756
0.03389705817787378 0.030339738408074704
0.03390006367712878 0.03031967784665645
0.0339004289925731 0.030299713268785652
0.033900792564268284 0.030279843987229275
0.03390115440466968 0.030260069321299356
0.033901514526114306 0.030237779578668928
0.033901872940822225 0.030215595474629164
0.03390222966089795 0.030190919458539127
0.033902584698331815 0.030166359838751402
0.03390552061990564 0.03014191579364503
0.03390844275781011 0.030117586509313808
0.03391135120888599 0.03009337117947594
0.03391424606906899 0.030069269005384973
0.033917127433400314 0.030045279195741986
0.03391999539603708 0.030021400966608967
0.033922850050262535 0.029997633541323433
0.03392569148849621 0.029971433338514993
0.03392851980230386 0.029947891092164017
0.033931335082407324 0.029921926241555524
0.03393413741869423 0.029896080769570517
0.03393692690022752 0.029870353854796448
0.03393970361525493 0.029844744683339426
0.0339424676512183 0.02981674436694055
0.033945219094762696 0.029788871614625494
0.03394795803174553 0.029761125556639144
0.033950684547245445 0.029731014214866725
0.033953398725571154 0.029701039123509562
0.03395610065027011 0.029668719400387858
0.03395879040413709 0.02963654526160454
0.03396146806922264 0.029604515725692157
0.033961672772055904 0.029572629819985662
0.03396187655899281 0.029540886580523937
0.033962079436166616 0.029509285051952664
0.0339622814096559 0.02947782428742848
0.03396248248548524 0.029446503348524406
0.033962682669625745 0.029412885253710375
0.033962881967995726 0.02937941591152826
0.033963080386461196 0.029346094336861302
0.03396327793083652 0.029310499523136784
0.03396347460688491 0.02927506117013193
0.03396367042031906 0.02923977824849991
0.033963865376801634 0.029204649737903474
0.033964059481945856 0.02916967462691663
0.03396425274131603 0.02913245817541401
0.03396444516042807 0.029095403534570095
0.03396463674475004 0.029058509651387107
0.03396482749970265 0.029021775481984133
0.033965017430659786 0.028985199991498668
0.033965206542949 0.02894878215398943
0.03396539484185203 0.02891252095234045
0.03396558233260525 0.02887405753545288
0.03396576902040022 0.028835758844119437
0.0339659549103841 0.028797623822407074
0.03396614000766016 0.028759651423388582
0.0339686596062975 0.028721840609046763
0.03397116850600219 0.02868419035017986
0.03397134138105908 0.028646699626308152
0.033971513525143215 0.02860936742558178
0.03397168494288101 0.02857451079258944
0.033971855638859905 0.02853748775656869
0.033972025617628805 0.02850062027952282
0.03397219488369846 0.028463907383093495
0.033972363441541885 0.02842734809710948
0.03397253129559473 0.02839094145950118
0.033972698450255696 0.028354686516216247
0.03397286490988688 0.028316297952657367
0.0339730306788142 0.02827806867774396
0.03397319576132774 0.028239997702105557
0.03397336016168214 0.028202084044548305
0.03397352388409693 0.02816432673197067
0.03397368693275693 0.028126724799280186
0.033973849311812576 0.028089277289311224
0.03397401102538029 0.028051983252743773
0.03397417207754281 0.028014841748023222
0.03397433247234957 0.027977851841281126
0.033974492213817 0.027941012606256917
0.03397465130592887 0.027904323124220615
0.03397480975263663 0.027867782483896424
0.033974967557859746 0.027831389781387314
0.033975124725486 0.02779514412010046
0.033975281259371826 0.027759044610673637
0.03397764558554453 0.02772309037090245
0.033980000416431407 0.0276872805256685
0.03398234580911833 0.027651614206868354
0.03398468182023451 0.02761609055334341
0.033987008505957005 0.027580708710810576
0.03398932592201527 0.027545467831793815
0.033991634123695574 0.027512551531298664
0.0339939331658454 0.027479765851043576
0.0339962231028778 0.027447110015066726
0.033998503988775686 0.027414583253540376
0.03400077587709606 0.027382184802710385
0.03400303882097423 0.027349913904836414
0.03400529287312793 0.027317769808132875
0.03400753808586142 0.027287906187699697
0.034009774511069533 0.02725600924541992
0.03401200220024168 0.027224236900570926
0.03401422120446578 0.027192588424512765
0.0340164315744322 0.02716106309427584
0.03401863336043759 0.027129660192505855
0.0340208266123887 0.0270983790074094
0.03402301137980614 0.027067218832700163
0.03402518771182815 0.027036178967545788
0.03402735565721424 0.027005258716515324
0.03402951526434884 0.026972344348684323
0.034031666581244915 0.026939556331593555
0.03403380965554753 0.026906893939089346
0.034035944534537316 0.026874356450571766
0.034038071265134015 0.026839846194605957
0.03404018989389987 0.02680546740628192
0.03404230046704304 0.026771219335784215
0.03404440303042096 0.026737101238988585
0.03404649762954366 0.026701031266898927
0.03404858430957705 0.026665097665214143
0.034050663115346165 0.02662722636971529
0.03405273409133837 0.026591567103436443
0.034054797281706545 0.026553976396570627
0.03405685273027221 0.026516526743013875
0.03405890048052864 0.026479217350331864
0.034060940575643926 0.02644204743201502
0.03406297305846401 0.02640296609390159
0.03406499797151567 0.02636403031012005
0.034067015357009525 0.026325239269029153
0.03406902525684292 0.026286592165010947
0.03407102771260285 0.02624605324634663
0.034073022765568846 0.02620566419429475
0.03407298539060074 0.02616542417933531
0.03407496949000517 0.026125332378058967
0.0340769462949265 0.026085387973110843
0.03407891584551784 0.026045590153135005
0.03408087818163815 0.02600593811271952
0.03408082678739906 0.025966431052342115
0.03408277847458849 0.02592506291420581
0.034082723806206465 0.025885847091204124
0.034082669336618555 0.02584477589895402
0.034082615064742396 0.025803853785441665
0.03408256098950347 0.02576307994045653
0.03408250710983503 0.025722453559648556
0.03408245342467803 0.025681973844475268
0.03408239993298105 0.02564164000214945
0.03408234663370025 0.0256014512455874
0.03408229352579927 0.025563379656432447
0.034082240608249194 0.025525444524586296
0.03408218788002845 0.025487645117719913
0.03408213534012279 0.0254499807087352
0.034082082987525165 0.025412450575718344
0.03408203082123572 0.025375054001893722
0.034081978840261686 0.025339742094613652
0.03408192704361735 0.02530455540686295
0.03407993265524687 0.025269493273759148
0.03407794531418513 0.02523455503511861
0.03407596498314476 0.025201678061601333
0.03407399162510102 0.02517085143821057
0.03407202520328941 0.025140133168504837
0.03407199141439392 0.025109522682201582
0.034071957743848316 0.025080943802415743
0.034071924191031895 0.025052464848783002
0.03407189075532827 0.025026002933592098
0.034071857436125355 0.024999633220196285
0.03407182423281532 0.02497526615143548
0.034071791144794555 0.02495098369055232
0.03407175817146364 0.02492868965189835
0.0340717253122273 0.02490837366444858
0.03407169256649436 0.024888127853121257
0.03407355232304731 0.024867951854936444
0.03407540567768442 0.024849736348451865
0.03407725266340525 0.0248315834382095
0.03407909331298295 0.024815377294714447
0.03408092765896621 0.024799226651710818
0.03408275573368116 0.024785009210998493
0.03408457756923325 0.024772715007738484
0.03408639319750918 0.024760462692734894
0.03409006914867389 0.024750120317284796
0.034093732617831246 0.024739813060257278
0.03409738366844909 0.024731402598576407
0.034101022363565686 0.024723020598694797
0.034104648765793374 0.02471652240118668
0.03410826293732216 0.02471004612002766
0.03411186493992323 0.024705440797092703
0.03411545483495253 0.024700850954234837
0.034119032683354214 0.024698119371912537
0.0341225985456641 0.024695396940619792
0.03412615248201309 0.024694520216318384
0.034129694552130524 0.02469364641931014
0.03413322481534757 0.02469460591762165
0.0341367433306005 0.024697389458589597
0.03414025015643399 0.02470016375191313
0.03414374535100434 0.024702928843600435
0.03414722897208274 0.024707502834032176
0.0341507010770584 0.02471206170383439
0.03415416172294174 0.024718417473033938
0.03415761096636746 0.024724752300654573
0.03416104886359771 0.024731066290026457
0.03416447547052506 0.024739162450011596
0.03416789084267561 0.024747232065209897
0.034171295035211914 0.024755275265955834
0.03417468810293601 0.02476329218173201
0.03417807010029233 0.024773073966216086
0.03418144108137061 0.02478282388820998
0.034184801099908804 0.024792542103140483
0.034188150209295894 0.024802228765425108
0.03419148846257476 0.024811884028480283
0.03419481591244496 0.024821508044729455
0.0341981326112655 0.024832874510323955
0.03420143861105759 0.02484420430990041
0.034204733963507344 0.024855497620589338
0.034208018719968515 0.02486675461838216
0.03421129293146513 0.024877975478140333
0.034214556648694126 0.02488916037360441
0.03421780992202799 0.024900309477403
0.034221052801517333 0.024911422961061663
0.03422428533689347 0.024922500995011684
0.03422750757757097 0.024933543748598807
0.03422897473780886 0.024946296616429806
0.034230437240395206 0.024959008998966106
0.034231895107474146 0.024971681088689295
0.03423334836104967 0.024984313076862726
0.034234797022986735 0.02499517095548968
0.03423624111501232 0.025005994582133585
0.03423768065871656 0.02501678411861483
0.03423911567555381 0.025027539725736073
0.03424054618684369 0.025038261563290212
0.03424197221377216 0.025050670397225965
0.03424339377739256 0.02506304039287083
0.034244810898626646 0.025075371732279313
0.03424622359826562 0.025087664596369824
0.03424763189697113 0.025099919164933576
0.034247328838862084 0.02511213561664332
0.034247026721927296 0.025124314129062037
0.034246725541789196 0.02513645487865155
0.03424642529409735 0.025148558040781036
0.03424782239776522 0.025160623789735468
0.03424921518938473 0.02517265229872399
0.034250603688888305 0.025184643739888202
0.03425198791608572 0.02519659828431037
0.034253367890665014 0.02520851610202157
0.034254743632193455 0.025220397362009723
0.034256115160118436 0.02523224223222762
0.03425748249376842 0.025244050879600816
0.03425884565235382 0.02525582347003547
0.03426020465496793 0.025267560168426115
0.03426155952058777 0.025279261138663363
0.034262910268075035 0.025290926543641533
0.034264256916176905 0.0253025565452662
0.034265599483526955 0.025314151304461702
0.03426693798864598 0.025325710981178553
0.034268272449942905 0.025337235734400786
0.03426960288571555 0.025348725722153274
0.03427092931415153 0.02536183421584409
0.034272251753329055 0.02537490328549373
0.03427357022121776 0.025387933108687966
0.034274884735679516 0.02540092386194759
0.03427619531446923 0.025413875720736376
0.03427750197523565 0.025426788859468988
0.03427880473552218 0.02543966345151882
0.034280103612767614 0.02545249966922573
0.03428139862430696 0.02546529768390375
0.034282689787372186 0.0254780576658487
0.034283977119093006 0.025490779784345746
0.03428526063649762 0.025503464207676872
0.03428654035651346 0.02551611110312832
0.034287816295967964 0.02552872063699793
0.034289088471589256 0.02554129297460244
0.03429035690000696 0.0255538282802847
0.03429162159775284 0.025566326717420835
0.034292882581261584 0.025578788448427345
0.03429413986687147 0.02559121363476815
0.034295393470825115 0.025603602436961543
0.03429664340927012 0.02561595501458712
0.0342978896982598 0.02562827152629262
0.0342991323537539 0.02564055212980073
0.034300371391619185 0.025652796981915804
0.03430160682763021 0.025665006238530543
0.03430283867746995 0.025677180054632612
0.03430406695673044 0.025689318584311196
0.03430529168091347 0.025701421980763504
0.03430651286543124 0.02571349039630121
0.03430773052560696 0.025725523982356842
0.03430894467667555 0.025737522889490126
0.034310155333784224 0.02574948726739425
0.03431136251199317 0.025761417264902095
0.03431256622627611 0.02577173818362433
0.034313766491521 0.025782029529513546
0.03431496332253057 0.02579229142949178
0.03431615673402296 0.02580252400975579
0.03431734674063235 0.02581272739578224
0.03431853335690953 0.025822901712332834
0.03431971659732247 0.025833047083459383
0.03432089647625696 0.025841604332272262
0.03432207300801718 0.025850137305201984
0.034323246206826225 0.025858646105403862
0.03432286363161552 0.025865578043119654
0.03432248213712574 0.025872490399090484
0.03432210171878404 0.025879383256172825
0.0343217223720433 0.02588625669675634
0.03432134409238199 0.025893110802767186
0.034320966875304004 0.02589994565567126
0.03432059071633844 0.02590676133647743
0.03432021561103944 0.02591202025298233
0.03432137664006905 0.025917264459231273
0.034321001484891374 0.025922494016859407
0.03432062737617166 0.025927708987158037
0.034320254309537515 0.025932909431077004
0.03431988228064088 0.025938095409227074
0.034319511285157846 0.02594326698188228
0.03431914131878849 0.025948424208982274
0.03431877237725673 0.02595356715013462
0.03431840445631012 0.02595869586461711
0.034318037551719714 0.025963810411380038
0.034317671659279896 0.025968910849048447
0.03431730677480824 0.025973997235924383
0.03431694289414531 0.025979069629989103
0.034316580013154525 0.025984128088905295
0.03431471241041261 0.025989172670019246
0.03431435357907349 0.025994203430363023
0.03431399572948906 0.025999220426656613
0.034313638857635734 0.026002723756454568
0.03431328295951189 0.026006217527371762
0.034312928031137696 0.026009701778477196
0.03431108064281547 0.02601317654862724
0.0343092382745702 0.026016641876467093
0.034307400905967386 0.026021587583176062
0.03430556851668328 0.02602651988688582
0.03430374108650414 0.026031438842006375
0.034301918595325484 0.02603634450265363
0.03430010102315136 0.026041236922651367
0.03429828835009361 0.02604611615553321
0.03429648055637114 0.026050982254544573
0.034294677622309214 0.026055835272644615
0.034292879528338725 0.026059201477431345
0.03429108625499551 0.026062558657540365
0.03428929778291961 0.026067376688415113
0.03428751409285461 0.026072181836854367
0.034285735165646924 0.026076974154456666
0.03428396098224512 0.026081753692545357
0.034282191523699254 0.026086520502170432
0.03428042677116016 0.026091274634110335
0.0342786667058788 0.026094558011540148
0.03427691130920562 0.02609928887322375
0.03427516056258985 0.026104007202823423
0.03427341444757888 0.026108713050069655
0.03427167294581761 0.026113406464430167
0.034269936039047794 0.026116638986032184
0.034268203709107416 0.02611986298979072
0.03426647593793004 0.026123078509328837
0.034264752707544185 0.02612628557809287
0.03426303400007273 0.02612948422935359
0.03426131979773227 0.02613267449620733
0.03425961008283249 0.026135856411577164
0.03425790483777558 0.026139030008214003
0.03425620404505563 0.026142195318697745
0.03425450768725804 0.026145352375438375
0.03425281574705887 0.026148501210677074
0.03425255560373741 0.026151641856487322
0.034252296136112886 0.026154774344775988
0.03425203734155614 0.026157898707284397
0.0342517792174516 0.026161014975589418
0.03425152176119727 0.026164123181104514
0.03425126497020458 0.026167223355080812
0.03425100884189833 0.02617031552860814
0.034250753373716566 0.02617339973261607
0.03425049856311057 0.02617647599787494
0.03425024440754469 0.0261795443549969
0.03424999090449631 0.026182604834436903
0.034249738051455744 0.026185657466493727
0.034249485845926166 0.02618870228131097
0.03424923428542352 0.02619173930887804
0.034248983367476435 0.026194768579031143
0.03425013307155772 0.026197790121454265
0.03425127984645664 0.026200803965680135
0.03425242370335327 0.026203810141091174
0.03425356465337087 0.026206808676920487
0.034254702707576246 0.02620979960225277
0.03425583787698009 0.026212782946025276
0.034256970172537336 0.02621575873702874
0.03425809960514754 0.026218727003908298
0.03425922618565519 0.026221687775164423
0.03426173391112392 0.026224641079153822
0.034264235319903816 0.026227586944090355
0.03426534993128407 0.026230525398045913
0.03426646174213322 0.02623345646895133
0.034267570762992784 0.026236380184597265
0.03427005231903209 0.026239296572635063
0.03427252766341673 0.026242205660577646
0.034274996819440406 0.026245107475800375
0.0342774598102805 0.026248002045541896
0.0342799166589988 0.02625088939690501
0.03428236738854221 0.026253769556857508
0.03428481202174348 0.026256642552233006
0.03428725058132188 0.026259508409731798
0.034289683089883956 0.026263729401433095
0.0342921095699242 0.026267939932188414
0.034294530043825724 0.026272140040837902
0.03429694453386099 0.026276329766029668
0.03429935306219247 0.026280509146220963
0.03430175565087332 0.026284678219679353
0.03430415232184805 0.026288837024483907
0.03430654309695323 0.026292985598526334
0.0343089279979181 0.026298472748983264
0.034311307046365265 0.026303946434040302
0.03431368026381134 0.02630940670320259
0.03431604767166758 0.026314853605732904
0.03431975087285688 0.02632028719065312
0.03432344503081984 0.02632570750674569
0.03432713017864143 0.02633111460255511
0.03433080634924543 0.026336508526389354
0.034334473575395395 0.02634188932632132
0.03433813188969567 0.026347257050190274
0.034341781324592306 0.026352611745603233
0.03434542191237404 0.026357953459936405
0.03434905368517325 0.026363282240336565
0.0343526766749669 0.026368598133722457
0.034356290913577475 0.026373901186786158
0.034359896432673905 0.02637919144599446
0.03436349326377252 0.026384468957590213
0.03436708143823792 0.026389733767593678
0.03437066098728393 0.02639498592180386
0.0343742319419745 0.02640154338197904
0.034377794333224555 0.026408085116830057
0.034381348191800956 0.026414611182855083
0.03438489354832335 0.02642112163628196
0.034388430433265046 0.02642761653306983
0.0343919588769539 0.026434095928910707
0.03439547890957317 0.026441868278952885
0.03439899056116239 0.026449622123399723
0.03440249386161823 0.02645735752826405
0.03440598884069531 0.02646507455924509
0.034409475528007084 0.02647407537890536
0.034412953953026654 0.026483054869609095
0.034416424145087596 0.026492013107080395
0.0344198861333848 0.026500950166685328
0.03442333994697528 0.026513753373388797
0.034426785614778986 0.026526526383850037
0.03442893056986448 0.026539269304769558
0.034431070477996824 0.026553273211494755
0.034433205356967866 0.026567244206570775
0.034435335224485934 0.026583757954091788
0.03443746009817628 0.026600232982392353
0.03443957999558165 0.026616669427488467
0.03444169493416267 0.02663178422486115
0.034443804931298415 0.026648145408120043
0.03444591000428682 0.026663188203654483
0.03444801017034518 0.026679474647583176
0.03445010544661062 0.02669572317196838
0.03445219585014055 0.026711933909087573
0.034454281397913164 0.0267281069906037
0.034456362106827836 0.02674424254756875
0.03445843799370562 0.02676034071042727
0.03446050907528971 0.026775131775786883
0.03446257536824586 0.026789888642151448
0.03446463688916285 0.026804611427993227
0.03446669365455292 0.02681930025123791
0.03446874568085224 0.026835219210734725
0.03446953003722319 0.026851101532810374
0.03447031259047604 0.026866947343800792
0.03447109334682131 0.026881497141547445
0.034473130914637294 0.026896013568198346
0.034473906653987314 0.026911753480599578
0.03447468061819008 0.026926202070645954
0.03447545281333182 0.0269418715049589
0.03447622324547095 0.02695750516430766
0.03447824334722338 0.026971852160906095
0.03448025884737729 0.026986166476418882
0.0344822697616378 0.027000448222385565
0.03448302894528049 0.02701469750983869
0.03448378640546429 0.027028914449306673
0.0344845421480513 0.02704309915081668
0.03448529617887707 0.027057251723897446
0.03448604850375075 0.02707013106586271
0.03448679912845522 0.027082981301970416
0.034487548058747264 0.027095802530773146
0.0344882953003577 0.027108594850379024
0.034489040858991536 0.027121358358454258
0.034489784740328114 0.027132858817268735
0.034490526950021236 0.027144333432355533
0.03449126749369934 0.027155782290730582
0.034493236759381686 0.027165975194532854
0.034495201614614585 0.02717614526988316
0.03449716207419819 0.02718629259338705
0.034497891894637304 0.027196417241307686
0.03449862008601294 0.02720651928956779
0.03450057017787063 0.02721292796105578
0.03450129376494116 0.027219322359333335
0.034503236544382115 0.02722448145598338
0.03450517500653542 0.027229629087974206
0.034505891073528396 0.027234765293478926
0.03450782229460249 0.027238673010526588
0.034509749238332006 0.027241356238334395
0.03451167191891168 0.027244033529797495
0.0345135903504735 0.02724791805194188
0.03451550454708706 0.027250582190649426
0.0345174145227599 0.027253240454740195
0.03451932029143787 0.027255892863623715
0.034521221867005444 0.027258539436624103
0.03452311926328605 0.027261180192980534
0.03452501249404244 0.02726381515184771
0.034526901572977 0.027266444332296313
0.03452878651373207 0.02726906775331349
0.034529466562805894 0.02727168543380327
0.034530145125433655 0.02727429739258707
0.034530822206483625 0.02727690364840409
0.03453149781080284 0.0272795042199118
0.03453217194321723 0.027282099125686382
0.03453284460853169 0.027284688384223148
0.034533515811530247 0.027287272013937013
0.034534185556976155 0.027289850033162897
0.034534853849611975 0.027291231603450962
0.03453552069415975 0.027292610180087266
0.03453618609532106 0.027293985772791456
0.03453685005777715 0.027295358391241153
0.03453751258618906 0.027296728045072164
0.03453817368519771 0.02729809474387873
0.034538833359424016 0.027299458497213734
0.03453949161346899 0.027300819314588918
0.034540148451913874 0.02730217720547512
0.0345408038793202 0.027303532179302495
0.03454145790022995 0.02730488424546071
0.03454211051916562 0.027306233413299186
0.03454276174063033 0.027307579692127302
0.03454341156910795 0.02731009739055388
0.03454406000906319 0.027311436664537007
0.03454470706494168 0.02731277307987769
0.034545352741170106 0.027314106645718716
0.0345459970421563 0.027315437371163914
0.03454663997228933 0.027317933318344565
0.03454728153593962 0.027320423960642794
0.034547921737459006 0.027322909314953125
0.03454856058118091 0.02732538939809843
0.03454919807142034 0.027326701123141506
0.03454983421247408 0.02732801007204692
0.034550469008620736 0.0273293162536185
0.034551102464120825 0.027330619676622873
0.0345505767922524 0.027331920349789682
0.03455005222822775 0.02733321828181178
0.03455068412205825 0.02733451348134541
0.0345513146869848 0.02733580595701041
0.03455194392719512 0.027337095717390396
0.03455257184685935 0.027338382771032968
0.034553198450130156 0.027339667126449873
0.034553823741142804 0.027340948792117212
0.034553299621678066 0.027341079200351788
0.034552776597551814 0.027342356711990666
0.03455225466533397 0.027343631556590635
0.03455173382160876 0.02734490374249488
0.03455121406297464 0.02734617327801182
0.03455069538604424 0.027347440171415303
0.03455017778744425 0.027348704430944767
0.03454966126381539 0.027349966064805428
0.03454914581181232 0.027352364054075314
0.034548631428103556 0.027354757073419254
0.03454811810937142 0.027357145138271796
0.03454760585231194 0.027359528264003653
0.0345482285232984 0.027361906465922015
0.03454884990910223 0.027364279759270884
0.034548338481910225 0.027366648159231403
0.034547828108121285 0.027369011680922182
0.034547318784484186 0.027372499864450523
0.03454681050776103 0.027375980878022996
0.03454630327472725 0.02737945474372366
0.03454579708217148 0.02738292148354596
0.034545291926895545 0.02738638111939322
0.034544787805714336 0.02738983367307907
0.034544284715455786 0.027393279166327934
0.03454378265296079 0.027396717620775474
0.03454328161508313 0.027400149057969038
0.034541662671147576 0.02740357349936812
0.034540047024450175 0.027406990966344802
0.03453843466492815 0.027410401480184195
0.03453682558255962 0.02741380506208489
0.034535219767363415 0.02741720173315939
0.03453361720939885 0.02742059151443455
0.03453201789876551 0.027423974426852012
0.0345304218256031 0.02742735049126863
0.03452882898009116 0.0274307197284569
0.03452613051672514 0.027434082159105398
0.0345234374992993 0.027437437803819187
0.03452074991134409 0.027440786683120243
0.03451806773645626 0.027444128817447885
0.03451539095829858 0.027447464227159175
0.034512719560599515 0.027450792932529333
0.03451115568314339 0.027454114953752166
0.034509594942853675 0.027458531438500383
0.03450803733030001 0.027462939072577765
0.0345064828360898 0.0274673378825629
0.034504931450868005 0.027471727894928064
0.03450338316531699 0.027476109136039747
0.03450183797015629 0.027480481632159198
0.03450029585614248 0.02748484540944291
0.03449875681406892 0.027489200493943194
0.034498313041649804 0.02749354691160865
0.03449787015148202 0.02749788468828471
0.03449742814093721 0.027502213849714147
0.034496987007397444 0.027507623456623456
0.03449654674825518 0.027511934385058643
0.0344961073609132 0.02751623677700188
0.03449566884278456 0.027520530657784
0.03449523119129254 0.027524816052635723
0.034494794403870585 0.027529092986688132
0.034494358477962284 0.02753336148497318
0.034493923411021296 0.02753762157242417
0.03449348920051129 0.027541873273876236
0.034493055843905926 0.027546116614066845
0.03449154507943676 0.027550351617636255
0.03449003728015792 0.02755350095468516
0.03448853243734826 0.02755664411656338
0.03448810563332819 0.027559781121415394
0.03448767966454103 0.027562911987314663
0.034487254528537424 0.02756603673226398
0.03448683022287758 0.027568083207838896
0.03448640674513122 0.02757012569029074
0.034485984092877536 0.027572164191295306
0.03448556226370517 0.02757419872248292
0.034485141255212126 0.02757729728994205
0.034484721065005754 0.027580389834918267
0.0344843016907027 0.02758347637495278
0.03448388312992884 0.02758655692751875
0.034483465380319274 0.02758963151002161
0.034483048439518243 0.027592700139799392
0.03448369380018332 0.027595762834123055
0.03448433791377464 0.02759881961019682
0.03448498078390344 0.027601870485158473
0.03448562241416699 0.027604915476079697
0.034486262808148725 0.027607954599966393
0.034486901969418275 0.027610987873758982
0.034487539901531535 0.027614015314332743
0.03448817660803074 0.0276180915246434
0.03448881209244454 0.02762215991113388
0.03448944635828803 0.027626220496307988
0.03449007940906286 0.027630273302583292
0.034490711248257255 0.027634318352291562
0.03449134187934612 0.02763835566767917
0.03449197130579106 0.027642385270907486
0.03449259953104051 0.027646407184053305
0.034493226558529703 0.027650421429109236
0.034493852391680825 0.02765442802798411
0.03449447703390302 0.027658427002503372
0.03449405715605031 0.027662418374409477
0.0344936380756864 0.027666402165362293
0.0344932197905414 0.02767037839693949
0.034492802298354025 0.027674347090636917
0.034492385596871546 0.02767830826786901
0.03449196968384977 0.02768226194996916
0.03449155455705299 0.0276862081581901
0.03449010370063868 0.027689110252535974
0.0344886555816893 0.027692006871232137
0.03448721019246462 0.027694898029761106
0.034485767525253536 0.02769778374354708
0.03448432757237399 0.027700664027956227
0.03448392196895339 0.027703538898296937
0.03448351712722936 0.0277064083698201
0.03448311304505827 0.027709272457719397
0.03448270972030457 0.027712131177131533
0.03448230715084067 0.02771498454313653
0.034481905334546946 0.027717832570757984
0.03448150426931172 0.02772067527496332
0.03448110395303119 0.02772351267066407
0.03448070438360938 0.027726344772716127
0.03448030555895817 0.027729171595919998
0.034479907476997175 0.02773199315502107
0.03447951013565379 0.027734809464709857
0.034480133594047425 0.02773762053962227
0.034480755894672456 0.027740426394339865
0.034481377040750875 0.027743227043390075
0.03448199703549273 0.027746022501246498
0.03448261588209617 0.02774881278232911
0.03448323358374752 0.027750582268858848
0.03448385014362133 0.02775234848461866
0.034484465564880405 0.02775512519522425
0.034485079850675913 0.027757896782747538
0.03448569300414737 0.02776066326135373
0.034486305028422745 0.02776342464515586
0.0344869159266185 0.02776618094821503
0.034487525701839626 0.02776893218454063
0.03448813435717973 0.027771678368090608
0.034488741895721035 0.02777441951277169
0.0344893483205345 0.027777155632439605
0.03448894851944688 0.02777988674089934
0.03448854944992576 0.02778261285190535
0.034488151109965 0.027785333979161806
0.03448775349756581 0.02778805013632282
0.034487356610736694 0.02779076133699266
0.03448696044749341 0.027793467594726
0.03448656500585895 0.027796168923028133
0.0344861702838635 0.027798865335355197
0.0344857762795444 0.02780155684511439
0.03448538299094613 0.02780424346566421
0.034484990416120284 0.02780692521031467
0.03448459855312548 0.027809602092327503
0.03448420740002741 0.027812274124916398
0.03448381695489875 0.027814941321247216
0.034483427215819144 0.027817603694438194
0.03448303818087518 0.02782026125756017
0.034482649848160365 0.027822914023636805
0.03448226221577506 0.027825562005644768
0.03448187528182648 0.02782820521651398
0.034481489044428666 0.0278308436691278
0.034481103501702436 0.027834464628281215
0.03448071865177535 0.027838079080769487
0.034480334492781706 0.02784168704411505
0.03447995102286249 0.02784528853577748
0.03447956824016535 0.02784888357315378
0.03447918614284457 0.02785247217357864
0.0344797864695211 0.027856054354324748
0.03447940486010496 0.027859630132603036
0.0344800039194863 0.02786417965714026
0.03448060191007303 0.027868721064773765
0.034480220594228804 0.0278732543772065
0.034479839957486706 0.027877779616064104
0.034479459998034194 0.027882296802895272
0.03447908071406514 0.027886805959172076
0.03447870210377988 0.027891307106290307
0.03447832416538509 0.027895800265569815
0.03447794689709384 0.027900285458254858
0.03447757029712552 0.027904762705514417
0.03447719436370581 0.027909232028442546
0.03447681909506668 0.027913693448058687
0.03447644448944636 0.027918146985308017
0.03447607054508926 0.027922592661061757
0.03447569726024602 0.027926062464930068
0.03447532463317343 0.027929526154606543
0.03447495266213442 0.02793298374623781
0.03447458134539803 0.0279364352559137
0.034474210681239376 0.02793988069966749
0.034473840667939654 0.027943320093476148
0.03447443409837761 0.027946753453260576
0.03447502648862198 0.027950180794885874
0.034475617841405334 0.02795360213416157
0.034476208159450655 0.027957017486841852
0.03447679744547142 0.02796042686862584
0.034477385702171626 0.027962871496749725
0.034477972932245825 0.027965311858506897
0.03447855913837918 0.027967747965056123
0.0344791443232475 0.02797017982751728
0.03447972848951727 0.027972607456971547
0.03448031163984569 0.027975030864461545
0.03448089377688076 0.027977450060991525
0.03448242759520148 0.02797986505752753
0.034483958752952695 0.027982275864997557
0.034485487257050966 0.027984682494291726
0.03448701311438889 0.027987084956262443
0.034488536331835226 0.027989483261724558
0.03449005691623499 0.027992826275541328
0.03449157487440953 0.027996163515586394
0.03449309021315668 0.027999494996804805
0.034494602939250815 0.02800282073409008
0.03449611305944298 0.02800614074228443
0.03449762058046097 0.028008510264942076
0.034499125509009465 0.028011819671634065
0.03450062785177007 0.028015123392060262
0.03450212761540147 0.028018421440863406
0.03450362480653951 0.02802171383263602
0.03450511943179728 0.028025000581920586
0.03450661149776522 0.0280282817032098
0.03450810101101123 0.028031557210946773
0.03450958797808076 0.028034827119525214
0.034511072405496876 0.02803809144328969
0.034512554299760405 0.028040413486486945
0.03451403366735 0.02804273157053126
0.034515510514722236 0.028045980819830403
0.034516984848311706 0.028049224538492443
0.034518456674531135 0.028052462740626144
0.034519925999771425 0.02805569544029233
0.0345213928304018 0.028058922651504073
0.03452285717276987 0.02806214438822691
0.03452338894751092 0.028065360664379025
0.034523919821702026 0.02806857149383148
0.034524449797628844 0.028072705610684666
0.03452497887756932 0.02807683273832931
0.034525507063793676 0.028080952894474553
0.03452603435856449 0.028085066096769765
0.034526560764136696 0.02808917236280478
0.03452708628275765 0.028093271710110165
0.03452761091666712 0.02809736415615746
0.03452813466809735 0.02810144971835943
0.03452865753927307 0.028105528414070304
0.03452917953241155 0.02811052189611798
0.034529700649722626 0.028114586137492296
0.034530220893408695 0.028118643565385678
0.03453074026566481 0.02812361351678222
0.03453125876867865 0.028128575150268474
0.0345317764046306 0.028133528486708765
0.034532293175693736 0.02813847354689769
0.03453189290220222 0.028143410351560427
0.03453240871409964 0.028148338921353003
0.03453292366631056 0.02815325927686259
