0.06693283446201437 0.01098856868273362
0.06802665765459831 0.011537946034973507
0.06766204992373699 0.013185971968316288
0.0672062297684762 0.014559265458256525
0.06737033164895753 0.014064877044047899
0.06747973290261176 0.013918405687694707
0.06755787665522192 0.013813783290299569
0.06775320217921696 0.013460631464353825
0.0679051220312131 0.013185957821951581
0.06791728374518008 0.012966218908029783
0.06782778835580137 0.01278643252391195
0.06766203676804242 0.01272817342918707
0.06743761442260318 0.012678877272112171
0.06724525241222669 0.012715103817384782
0.06707853866990039 0.012746500156621045
0.06700105308444998 0.012705301608533066
0.06693268345022903 0.012604317318780159
0.06687191044203263 0.012575595433693115
0.06681753459259375 0.012549896904931024
0.06671388517683066 0.012526768229045143
0.06656799388139105 0.012453520631601737
0.06643536543099139 0.012386931906653187
0.06631426988932215 0.012326133505613205
0.06620326564279201 0.012270401637993223
0.06610114173598428 0.01221912831978284
0.0660068735143156 0.012171799102973254
0.06591958812388164 0.012168670372759927
0.06579944701150674 0.012165765123276122
0.06568759149308873 0.012200947322677937
0.0655831930092319 0.01223378404211963
0.06548552991143038 0.01222905950486459
0.06539397075724143 0.01222463025118799
0.06530796064270031 0.012220469437128154
0.0652270099466616 0.012216553376836544
0.06515068500468225 0.012244253249096322
0.0650786003372573 0.012270414239563888
0.06501041213834183 0.012295161122438614
0.06494581279200083 0.012347518529411194
0.06488452623265169 0.01239719094115441
0.06482630400127001 0.012444379732310466
0.0647709218787362 0.012489266631215006
0.06471817700013259 0.01253201605874314
0.06466788537169658 0.012598327354600165
0.0646198797263713 0.012661624500645506
0.0645740076652827 0.012722108440199942
0.06453013004163274 0.012779962643252011
0.06448811955090406 0.012835354965323143
0.06444785949728905 0.012888439273974643
0.06440924271116855 0.012939356876150571
0.06437217059649286 0.013010210215327597
0.06433655229023584 0.013099825820921803
0.06430230391883485 0.013207120438367099
0.06426934793880748 0.013310366202323893
0.06423761255063297 0.013430130544290918
0.0642070311765739 0.013545539819277324
0.06417754199444552 0.013656827334442788
0.06416828981862366 0.013764210024514726
0.06415935668334737 0.013867889863204873
0.06413217499341578 0.013968055131091964
0.06410589935981527 0.014064881556716152
0.06408048522239836 0.014176540673391108
0.06405589089586587 0.01428459788307655
0.06403207734160427 0.01438922470515293
0.06400900796091333 0.014490581939039423
0.06398664840732057 0.014588820488806331
0.0639649664159579 0.014684082112822728
0.063943931648218 0.01477650010627147
0.06392351555011751 0.01486619992344231
0.06390369122297644 0.014953299745912545
0.06388443330518227 0.01505360238235183
0.0638502998203595 0.015151079592412544
0.06381711448789293 0.01526110387432548
0.06378483834261722 0.015368113792350391
0.0637534345255922 0.015472231550428683
0.06372286814368786 0.01557357283495822
0.06369310614025468 0.015686698400397964
0.06366411717587171 0.015796885639462646
0.06363587151826779 0.015904247564705157
0.06360834094060322 0.01600889146652381
0.06358149862738025 0.016110919270796994
0.06356883366873832 0.016210427870026398
0.06355647761152669 0.016307509430250205
0.06354441929063341 0.01638901929121278
0.06353264807261853 0.016481663297369515
0.06352115382443932 0.01657212744455786
0.06350992688435728 0.016660487774369726
0.06349895803485184 0.0167468168322319
0.06348823847738062 0.016831183866051747
0.06346546002126136 0.01691365501147115
0.06345535087632939 0.016994293464770122
0.06344546391040691 0.017073159644370214
0.06343579187852623 0.017138373429650366
0.06342632784733115 0.01721399431544314
0.06341706517850194 0.01727632233219528
0.06340799751322701 0.017337338180173686
0.06339911875764533 0.017397082864652542
0.06339042306918902 0.017455595699966887
0.06338190484376244 0.01751291439578502
0.06337355870369801 0.017569075138152285
0.06337632479638702 0.0176241126656722
0.06337903611496337 0.01767806034116202
0.06337096357439888 0.017730950219093215
0.0633736742967115 0.017772149579069616
0.06337633288974887 0.017801995137673644
0.06337894084291887 0.017831272209447118
0.06338149958942527 0.017859996883639963
0.06338401050889418 0.017877918788171767
0.06337634038360242 0.017885337557985707
0.06336881099455455 0.017892620203582878
0.06336141850348936 0.01789977043744192
0.06335415921046139 0.017906791838258454
0.06334702954766606 0.01791368785691755
0.06334002607359278 0.017930183014542554
0.06333314546748568 0.017946388783437295
0.06332638452409349 0.017962312712872994
0.06331974014869082 0.017977962091801185
0.06331320935235488 0.017993343959978467
0.06330678924748225 0.018008465118525625
0.06330047704353184 0.018014101091715133
0.06329427004298062 0.018019643132018152
0.06328816563747981 0.01802509356834922
0.06328216130420035 0.018030454653265023
0.06327625460235631 0.018044659417616876
0.06327044316989686 0.018058635072866282
0.06326472472035675 0.01806359915970797
0.06325909703985698 0.018068484451520424
0.0632363177504248 0.018090591563507574
0.06322244773583371 0.018112353251869925
0.06320879276022853 0.01813377754971503
0.06319534786117112 0.018154872242977904
0.06318210822774818 0.018175644879855082
0.06316906919483165 0.018196102779809882
0.06315622623759806 0.018216253042171376
0.06314357496629333 0.018227905188636834
0.06313111112123017 0.018239384710710214
0.06311883056800616 0.018250695416282516
0.06309873784329056 0.01826184100206544
0.06307893631748389 0.018264864950804656
0.0630594197057176 0.01826784538949007
0.06304018190269084 0.01827078325047998
0.06302121697630275 0.018273679439682795
0.06300251916155393 0.018268798641520468
0.0629840828547037 0.018256303712803554
0.06296590260767082 0.018251611368274585
0.06294797312266598 0.018246983745739118
0.06293028924704477 0.018234894979227218
0.0629128459683708 0.01822297068572909
0.0628956384096789 0.018211207531332284
0.06287866182492918 0.0181922289692468
0.06286191159464279 0.018173503454655786
0.06283813174150167 0.01815502596012558
0.06281466478116506 0.01812956356951552
0.0627915045784799 0.01810443402061278
0.0627686451576478 0.018079630829488
0.0627460806970845 0.018055147679539023
0.06272380552447714 0.01803097841612785
0.06270181411203037 0.018007117041422556
0.06268010107189306 0.01798355770943505
0.06265866115175749 0.017960294721246127
0.0626374892306236 0.017937322520409565
0.06261658031472118 0.017914635688527497
0.06260268862933384 0.01789222894098965
0.06258224976516821 0.017870097122869445
0.06256206015544362 0.017848235204970222
0.06254211526826114 0.017819979530430574
0.06252241068092425 0.01779206428570466
0.06250294207666923 0.017764483355286843
0.062483705241512484 0.01773723076927876
0.06246469606120966 0.017703799364651152
0.06244591051832217 0.017670761270666222
0.062433748043255785 0.017638109587137258
0.06242172699231807 0.017605837574347
0.06240984491306751 0.01757393864840981
0.06239809940944051 0.01754240637679374
0.06238648814014068 0.017511234473996135
0.06237500881708289 0.017474173872909417
0.062363659203890164 0.017431324232070354
0.062352437114441175 0.01738895604786993
0.062341340411466474 0.017347061251202476
0.06233036700519149 0.017305631952275767
0.06231951485202453 0.01725858968913882
0.062320812226339686 0.01719998925706015
0.062322095421700585 0.01714202926686212
0.06232336466928583 0.01707872720673361
0.06232462019527554 0.01701610949320109
0.06232586222098581 0.016954165088416226
0.062327090962998634 0.01689288319063441
0.06232830663328792 0.01683809823244391
0.06232950943934134 0.01678389300926072
0.06233069958427841 0.01673025836737419
0.062331877266964826 0.016671432146619442
0.06233304268212326 0.01661894193257882
0.0623398671654936 0.01656130207905881
0.062346621293365274 0.016509920682006036
0.062353306148130574 0.016459066273640983
0.06235992279009214 0.016408730787810268
0.06236647225802365 0.016358906322140272
0.062372955569713416 0.016309585133901284
0.062379373722491735 0.01626628146978946
0.062391199585265934 0.01622341084231876
0.06240290777776378 0.016180966788255726
0.06240908233318375 0.01613894297235173
0.0624151960555454 0.016097333184190633
0.062421249839452526 0.016056131335129155
0.06243258299280803 0.01600997123618131
0.06244380611554844 0.01596959349219814
0.06245492080232034 0.015929605871345245
0.06246592861710405 0.015890002746846706
0.06247683109394725 0.015850778599616092
0.06248762973767765 0.01581192801569244
0.062498326024595444 0.015773445683749106
0.06250892140314608 0.015735326392673162
0.06251941729457419 0.015697565029212955
0.0625247011762472 0.015665291278256298
0.06252993590553256 0.01563331774823877
0.06254018873132793 0.015596553110402707
0.062550347061033 0.015560127317154993
0.06256041219505273 0.015524035705496708
0.06257038541004031 0.015488273697597858
0.06258026795943708 0.015452836798861728
0.06258510913596722 0.015412748447060637
0.0625899066982944 0.015377971003495718
0.06259466123315675 0.015343505465254254
0.06259937331681496 0.015309347655032801
0.06260404351528512 0.015275493469791094
0.06260867238456526 0.01523707673342397
0.06261326047085616 0.015198998470505012
0.06261780831077608 0.015166073722720556
0.06262231643157007 0.015133436527318495
0.06262678535131366 0.015101083133615583
0.06262647734969493 0.015069009855875469
0.0626214535502685 0.015037213071908974
0.06261647287358395 0.015005689221710434
0.06261153476678558 0.014974434806128974
0.06260663868642805 0.01494812224237731
0.06260178409827692 0.014926688620351963
0.06259697047711443 0.014905435872774087
0.06259219730654994 0.014884361719713673
0.06258746407883535 0.014868061330437604
0.06258277029468506 0.014851896777738838
0.06257357260583563 0.01483586637070562
0.06256445093094362 0.014819968446375158
0.06255540433156513 0.014804201369158526
0.06254643188464055 0.014788563530279734
0.06253753268218068 0.014773053347228527
0.0625287058309603 0.014757669263226515
0.06251995045221946 0.014742409746706299
0.06251126568137168 0.014727273290803184
0.06250265066771946 0.01471225841285913
0.06249410457417646 0.014697363653938627
0.062485626576996356 0.014682587578356136
0.062477215865508154 0.014667928773214777
0.062468871641857805 0.014653385847955959
0.062460593120755886 0.01463895743391965
0.06244808551546012 0.014624642183914998
0.06243567562583073 0.01460614665758875
0.06242336231121791 0.014587795065319514
0.06241114444865635 0.014569585733455466
0.06239902093252384 0.014551517014192687
0.062386990674207735 0.014537813366763998
0.062375052601779106 0.014524214728127866
0.06236320565967436 0.014510719895893536
0.0623514488083841 0.014497327685957566
0.06233978102414907 0.014484036932157475
0.06233233327417858 0.014470846485933234
0.062324941522328176 0.014461885872780151
0.062317605139405485 0.014452992380324844
0.06231032350560908 0.014444165257216219
0.06229902547685342 0.014435403763275687
0.06228781113719965 0.014430776523063292
0.06227667956020015 0.014426183432225157
0.062265629833031536 0.014421624114113773
0.0622546610562451 0.014413073562000583
0.06224377234352281 0.014408595369825139
0.06223694454329898 0.014404149746320061
0.06223016621988837 0.014395755447917501
0.062223436837441005 0.014391388276285772
0.06221675586781701 0.01438310027308767
0.06221012279044839 0.014374871682098873
0.06220353709220382 0.014366701866759996
0.062196998267256366 0.014358590199572996
0.062190505816953935 0.014350536061940516
0.0621840592496925 0.014342538844008617
0.062181513111076565 0.014334597944512858
0.06218282582639695 0.014326712770627597
0.06218412936188992 0.014318882737818455
0.06218542381351186 0.014311107269697879
0.06218670927588642 0.014303385797883697
0.0621879858423276 0.014295717761860614
0.06218925360486228 0.01428810260884459
0.062194273929150036 0.01428053979364998
0.062199259867655 0.014273028778559443
0.06220421177245004 0.014265569033196486
0.062209129990817895 0.014258160034400625
0.062214014865332415 0.014250801266105074
0.06221886673393805 0.014243492219216926
0.06222737070546463 0.014236232391499742
0.0622358176033568 0.014225334191134757
0.062244208000259725 0.014214508888431074
0.0622525424611833 0.014207418270093681
0.062260821543628976 0.014200374765499395
0.062269045797714084 0.014193377906630897
0.062277215766293685 0.01418642723164932
0.06228893140292658 0.014179522284792622
0.062300570215712704 0.014172662616275969
0.06231213295782702 0.014165847782194064
0.062323620372631144 0.014155498338873347
0.06233503319383265 0.014145216099730037
0.06234637214564126 0.014135000412296393
0.062357637942922074 0.01412839500253806
0.06236883129134578 0.014121832071299073
0.062379952887536 0.014115311210132132
0.06239449883505829 0.014108832015809708
0.06240895213323332 0.014102394090240928
0.0624233136644358 0.014095997040390046
0.06243758429987118 0.014086163406346832
0.06245176489975176 0.014076391814158777
0.06246241585699372 0.014066681678525367
0.062476429708420114 0.01405358796619267
0.062490355973275104 0.014040576089562055
0.06250419547012476 0.014027645283813872
0.06251794900736665 0.014014794793629342
0.06253161738338724 0.014002023873043477
0.06254520138671635 0.013989331785300737
0.0625587017961788 0.013976717802713335
0.06257211938104333 0.013960810638669698
0.06258545490116862 0.013945000766149265
0.06259870910714682 0.01392928729529054
0.06260855731442812 0.013913669347051018
0.06261834583560467 0.01389814605304325
0.06262807521163818 0.0138827165553739
0.06263774597697269 0.013867380006485689
0.06264735865963252 0.013852135569002211
0.06265691378131832 0.013836982415575521
0.06266641185750153 0.013821919728736453
0.06267585339751698 0.013806946700747618
0.0626819919520565 0.013788801921147918
0.06268809418378808 0.01377076450710798
0.06269416041415252 0.013752833508490107
0.06270019096080892 0.013735007986334691
0.06270618613769023 0.013717287012696318
0.0627121462550576 0.013699669670482728
0.06271807161955402 0.013678951423778172
0.06272396253425687 0.013658353631996318
0.06272664718770134 0.013637875247703055
0.06272931632291781 0.013617515235573335
0.06273197007406964 0.013597272572216698
0.06273460857377806 0.013577146246005789
0.0627372319531443 0.013557135256907837
0.06273984034177132 0.01353409901389729
0.06274243386778508 0.01351432468921616
0.06274501265785558 0.013494662718652534
0.06274757683721746 0.01347511214735556
0.0627501265296903 0.013455672031263652
0.0627526618576985 0.013436341436952545
0.06275518294229092 0.01341711944148588
0.06275768990316014 0.01339800513226833
0.06276018285866136 0.013378997606901156
0.0627626619258311 0.013360095973040206
0.06276208685652987 0.013341299348256262
0.06276151497320814 0.013322606859897715
0.06276094624946278 0.01330401764495551
0.06276038065918157 0.013288557970935382
0.06275981817653928 0.013270164435440561
0.06275625964970702 0.013251871686441602
0.06275272056837658 0.013233678897819685
0.06274920077359289 0.013215585252460013
0.06274570010812869 0.01319758994212947
0.06274221841646103 0.013176714224679843
0.06273579654852998 0.01315892124312887
0.06272940929983306 0.01314122418061591
0.06272305639118289 0.01312362226360033
0.06271673754638607 0.013106114726836844
0.06270752475554102 0.013088700813264608
0.06270128102894483 0.013071379773898089
0.06269507051366031 0.013054150867719692
0.0626888929454065 0.01303701336157407
0.062682748062699 0.01301996653006414
0.06267663560681316 0.013003009655448719
0.06267055532174778 0.012983250288469162
0.06266450695418932 0.012963594645200782
0.0626584902534767 0.012946918510136959
0.06265250497156676 0.012927460368343432
0.0626465508630001 0.012908103571038415
0.06264062768486756 0.012891701512544342
0.06263473519677715 0.012875384438809305
0.06262887316082158 0.012859151691036724
0.06262304134154618 0.012843002617221733
0.06261442466398523 0.012824111736980075
0.06260585217451434 0.012805317733047349
0.06259732353409445 0.012786619862127065
0.06258883840714607 0.012768017388507396
0.06258039646150534 0.012752305667546359
0.06257199736838054 0.012736673701514059
0.06256364080230954 0.01272112088467686
0.06255532644111769 0.012705646617419646
0.06254705396587643 0.012690250306168766
0.0625388230608625 0.012672170406412605
0.06253063341351783 0.012654181132720385
0.06252248471440987 0.012639028957515635
0.06251437665719273 0.012623952354257043
0.0625063089385687 0.012608950758974861
0.062498281258250514 0.012594023613297058
0.062490293318923994 0.012579170364380037
0.06248234482621143 0.012564390464840383
0.062474435488635384 0.012546976818875793
0.06246656501758305 0.012529648743653043
0.06245873312727117 0.012512405609975503
0.062450939534711425 0.012495246794800052
0.06244318395967636 0.012478171681162045
0.0624354661246658 0.012463853285467782
0.06242778575487374 0.012449604396548734
0.06242014257815573 0.012435424509513073
0.06241518118855142 0.012421313124347149
0.06241024370925845 0.012407269745856722
0.062405329967846694 0.012393293883609038
0.062397813957780726 0.012379385051875733
0.0623903339094854 0.012365542769576555
0.062382889565477884 0.012351766560223916
0.06237548067072755 0.012338055951868192
0.062368106972626854 0.012324410477043852
0.062360768220962655 0.012310829672716307
0.06235346416788789 0.012297313080229555
0.06234877705259091 0.012283860245254533
0.062344111994307096 0.012270470717738218
0.062339468837705365 0.012257144051853434
0.06233484742890973 0.012246453213267474
0.06233024761548231 0.01223581233187117
0.06232566924640652 0.012225221058313541
0.06232111217207062 0.012214679046493392
0.06231657624425136 0.012206735434609388
0.062312061316097934 0.012198828598706328
0.06230756724211611 0.01219095828398527
0.062303093878152645 0.012185656047027689
0.06229864108137981 0.012180378188171062
0.06229169730314347 0.012175124539676164
0.062287290964422246 0.012172409308882247
0.06228290474596916 0.012169706476402456
0.06227853851028807 0.012167015957510272
0.062274192121132804 0.012164337668249417
0.06226986544349298 0.012161671525425119
0.06226555834358003 0.012161503316967626
0.062261270688813417 0.012158855608989673
0.06225700234780701 0.012158694500382067
0.06225275319035569 0.012158534115858093
0.06224852308742209 0.01215837445054723
0.06224431191112354 0.012158215499622545
0.06224011953471918 0.012158057258300202
0.06223594583259724 0.012157899721838984
0.062231790680262515 0.012157742885539816
0.06223008151219711 0.012160022943234691
0.06222837990682226 0.012162292912178702
0.06222426897387557 0.012162127416538602
0.06222258766750748 0.012161962649954186
0.062218507534792016 0.012164213388978305
0.062216846237309505 0.01216404477055338
0.06221519221027549 0.012166281103453545
0.06221354540606695 0.012168507670707856
0.06221190577747588 0.012170724536144067
0.06221027327770477 0.012172931763034902
0.06220864786036217 0.012175129414104086
0.062204659720582096 0.012177317551532276
0.06220068880818769 0.012177123179687095
0.06219909455619324 0.01217692964565159
0.062195152691087385 0.012179099794598422
0.06219122774385752 0.012178902849518197
0.0621873196058235 0.01218105947918931
0.062185767546586196 0.012183206892494308
0.062184222105938394 0.012185345148386493
0.062182683241633764 0.012187474305317431
0.06218115091178479 0.012189594421242296
0.0621796250748589 0.012191705553625105
0.06217810568967477 0.012191484872512183
0.06217659271539859 0.012193583108869602
0.06217508611154041 0.01219567251054762
0.06217358583795055 0.012195444886338934
0.06217209185481599 0.012195218216529446
0.06217060412265689 0.012194992495129203
0.06216912260232309 0.012194767716198271
0.062167647254990674 0.01219454387384622
0.062166178042158605 0.012194320962231598
0.06216471492564534 0.012191819401485752
0.062163257867585545 0.012189328199169496
0.062161806830426825 0.012186847291077687
0.06216036177692649 0.012184376613534711
0.06216117510038423 0.012179655236643477
0.062159737278582136 0.012177209473699106
0.062160548548456734 0.012174773734373357
0.06216135650025414 0.01217234795717164
0.0621621611542891 0.01216993208110136
0.06216296253071089 0.012165288202004198
0.06216376064950494 0.012162896495664217
0.06216455553049456 0.012160514491986876
0.06216534719334252 0.012158142132049117
0.062166135657552704 0.012155779357404035
0.062166920942471726 0.012153426110076072
0.06216770306729046 0.012151082332556268
0.06216848205104568 0.01214874796779759
0.06216925791262151 0.012146422959210288
0.06217003067075104 0.012144107250657335
0.06217080034401778 0.012141800786449903
0.062171566950857154 0.0121395035113429
0.062172330509558005 0.012139399773521568
0.06217309103826402 0.012139296447358257
0.062173848554975146 0.012137017778517417
0.06217460307754908 0.012136919568257923
0.062175354623702606 0.012136821745415626
0.06217610321101301 0.012136724307702629
0.06217684885691944 0.012136627252849015
0.062177591578724274 0.012134376157613496
0.06217833139359445 0.012132133872926843
0.0621790683185628 0.012129900347164747
0.062179802370529315 0.012127675529105429
0.0621805335662625 0.012125459367925718
0.062181261922400595 0.01212325181319719
0.06218198745545289 0.012121052814882339
0.06218271018180093 0.012118862323330794
0.062183430117699744 0.012116680289275589
0.062184147279279095 0.01211238955161686
0.06218486168254469 0.01210811531679528
0.06218557334337932 0.012103857489784915
0.06218628227754408 0.012099615976288
0.06218489542019269 0.012097491602877763
0.06218351385618996 0.012095375337762984
0.0621821375552882 0.012095360000714319
0.062180766487469716 0.012095344721981427
0.062179400622944664 0.01209532950123234
0.06217803993214887 0.012095314338137608
0.06217461476645855 0.012095299232370264
0.06217120252592179 0.012095284183605818
0.062167803137515104 0.012095269191522215
0.06216441652876409 0.012095254255799829
0.062161042627738215 0.012095239376121432
0.06215768136304577 0.012095224552172164
0.06215433266382882 0.01209520978363953
0.06215099645975819 0.012095195070213362
0.06214767268102861 0.0120951804115858
0.062144361258353785 0.012093123512461541
0.06214106212296162 0.012091074245616036
0.06213777520658941 0.012089032568647736
0.062134500441479217 0.012086998439468599
0.06213123776037312 0.012084971816301191
0.062127987096508665 0.012082952657675837
0.0621247483836143 0.012080940922427782
0.062119512430195443 0.012080952633372343
0.062114295656093145 0.012078951930166046
0.062109097956119186 0.012076958542145145
0.06210391922585317 0.012074972429263009
0.062098759361635475 0.012072993551764777
0.06209361826056039 0.012069024086115014
0.06208849582046925 0.012065069028689026
0.062083391939943645 0.012061128301181247
0.06207830651829879 0.01205720182585252
0.06207323945557684 0.012051306122781465
0.06206621747087361 0.012047411494532121
0.062061190377887036 0.012041554607535638
0.06205618133550365 0.012035718750654043
0.062051190246677185 0.012029903810822204
0.06204621701505583 0.01202410967578404
0.06204126154497598 0.012018336234085297
0.06203632374145613 0.012012583375066405
0.0620314035101908 0.012006850988855412
0.062026500757544525 0.012001138966360975
0.06202161539054594 0.011995447199265456
0.06201674731688185 0.011989775580018062
0.062011896444891496 0.01198412400182808
0.06200706268356072 0.011978492358658168
0.062000317921697544 0.011974815061273902
0.061993596867257444 0.011971150689363746
0.0619868993954645 0.011967499174898888
0.0619802253824169 0.01196386045032708
0.06197357470507924 0.01195831346059659
0.06196694724127506 0.011954703467549118
0.06196034286967925 0.01194919175824065
0.06195376146981073 0.011943699220094993
0.06194720292202508 0.011938225753262342
0.06194066710750733 0.011934675600214046
0.06193415390826472 0.011931137731432352
0.061929554598872796 0.01192571431967597
0.06192497114916843 0.011918415081151787
0.061920403477259946 0.011911140969094122
0.0619158515018185 0.01190389185398511
0.06191131514207325 0.01189666760719551
0.06190679431780658 0.011889468100977109
0.06190228894934938 0.01188229320845518
0.06189779895757632 0.01187514280362104
0.06189518963615281 0.011868016761324665
0.06189258918997223 0.011860914957267392
0.06188999757382962 0.011853837267994695
0.06188741474282647 0.011846783570889025
0.06188484065236818 0.01183975374416273
0.06188227525816143 0.011832747666851051
0.0618797185162117 0.011825765218805179
0.06187901352861331 0.011818806280685388
0.06187831091072112 0.011811870733954233
0.0618776106506071 0.011803114761331526
0.061876912736423116 0.011794388121950435
0.06187621715640028 0.011787528201973341
0.061875523898848296 0.011778856720919663
0.061874832952154825 0.011770214144802832
0.061874144304784794 0.011759771941905018
0.0618752763524137 0.011749364430711184
0.0618764046453241 0.011738991438625786
0.061877529202165264 0.0117286527941963
0.061878650041463146 0.011718348327103771
0.061879767181621435 0.011708077868153463
0.06188088064092253 0.011699651563676802
0.06188199043752856 0.011691252977306972
0.06188309658948235 0.011682881972501575
0.06188419911470842 0.011674538413613574
0.06188529803101395 0.01166622216588396
0.06188639335608972 0.01165793309543451
0.06188748510751108 0.011649671069260587
0.06188857330273889 0.01164143595522404
0.06188965795912043 0.011633227622046148
0.06189073909389035 0.011626829778464335
0.06189181672417154 0.01161867172542115
0.061892890866976094 0.011610540073844128
0.061893961539206156 0.011602434695777852
0.06189679413022775 0.011594355464092437
0.06189961759857295 0.011586302252476862
0.0619024319882418 0.011578274935432398
0.06190523734295184 0.011570273388266087
0.06190803370614038 0.011562297487084282
0.06191082112096671 0.01155434710878626
0.061913599630314356 0.01154642213105788
0.061916369276793275 0.011538522432365316
0.061919130102742005 0.011530647891948843
0.061921882150229854 0.011522798389816683
0.06192462546105901 0.01151671800503229
0.06192736007676667 0.011510656892465913
0.061930086038627166 0.011504614960635507
0.06193280338765397 0.011496856186686352
0.06193551216460183 0.011489121888364796
0.06193821240996875 0.011481411950037955
0.06194090416399804 0.01147372625680019
0.0619435874666803 0.011466064694467412
0.061946262357755404 0.011458427149571414
0.061948928876714465 0.011450813509354276
0.06195329702890293 0.011441506691688436
0.0619576515519114 0.01143222891245525
0.06196199250942763 0.011422980035961108
0.061966319964743194 0.011413759927356529
0.06197063398075653 0.011404568452629604
0.061974934619976024 0.011395405478599506
0.061979221944523016 0.011386270872910059
0.06198349601613477 0.011378862897914557
0.061987756896167485 0.011371477787039412
0.061992004645599175 0.011364115434595314
0.06199623932503261 0.011358466266196935
0.0620004609946982 0.011352834453154619
0.06200466971445684 0.011347219915612432
0.06200886554380274 0.011343305309806729
0.06201304854186624 0.011339402675272602
0.062017218767416574 0.0113355119571798
0.062021376278864615 0.011331633101032404
0.06202552113426563 0.01132943851099186
0.062029653391321965 0.011327250591437762
0.06203377310738571 0.01132673665834413
0.062037880339461386 0.011326224282623509
0.06204197514420854 0.01132571345720764
0.062044404438511246 0.011325204175070972
0.06204847705063616 0.011324696429230343
0.06205253739585709 0.011324190212744657
0.062056585529513444 0.011323685518714564
0.06206062150661227 0.011323182340282161
0.06206464538183074 0.011321033322447249
0.06206865720951862 0.011318890738797471
0.0620726570437007 0.011316754560479978
0.06207664493807925 0.0113162647308117
0.06208062094603641 0.011315776361142435
0.062084585120636554 0.011315289444954326
0.06208853751462867 0.011313171314195696
0.062092478180448704 0.01131105946869154
0.062096407170221864 0.011308953880507398
0.062098705632947275 0.011306854521874096
0.06210099730553169 0.011306384380309635
0.06210328221801999 0.011305915625593447
0.06210717215036065 0.011305448251598071
0.06211105064172384 0.011304982252232096
0.062114917742510344 0.011302904139445256
0.06211877350282533 0.011300832120830814
0.06212261797248054 0.011298766169620807
0.062126451200996406 0.01129670625920381
0.06213027323760419 0.011296256423325752
0.06213408413124811 0.011295807898922558
0.06213788393058739 0.01129536068026726
0.06214167268399835 0.011296511788852938
0.06214545043957649 0.011297659556049397
0.06214921724513845 0.011298803996384417
0.062152973148224114 0.01129994512430168
0.06215671819609855 0.01130267070780114
0.06216045243575401 0.011303802962749786
0.0621641759139119 0.01130651513269673
0.06216788867702474 0.011307638597811143
0.062171590771278054 0.011308758834577524
0.062175282242592333 0.01130829945128937
0.06217896313662491 0.01130784138428571
0.062182633498771844 0.011307384627917251
0.06218629337416979 0.01130535948908365
0.06218994280769784 0.011303340128106918
0.06219358184397937 0.011301326520295363
0.062197210527383855 0.011299318641097782
0.06220082890202867 0.011297316466102466
0.06220443701178087 0.01129376138221365
0.06220803490025899 0.01129021636938401
0.06221162261083476 0.011286681384879206
0.0622152001866349 0.011283156386206337
0.06221722411863202 0.011279641331112235
0.06221924234941226 0.01127613617758178
0.06222125490303136 0.011272640883836218
0.062223261803409965 0.011269155408331516
0.06222526307433449 0.011264138578832662
0.062227258739458106 0.011260674774554868
0.06222924882230166 0.01125722065924009
0.062231233346254584 0.011253776192292111
0.06223168579204417 0.011250341333341199
0.062233661393966945 0.011246916042242516
0.06223410920423595 0.011243500279074569
0.06223455577058755 0.011240094004137642
0.06223500109819753 0.011236697177952275
0.06223544519221303 0.011233309761257726
0.06223588805775269 0.011229931715010464
0.06223632969990688 0.011225045284431237
0.062236770123737885 0.011220172333660502
0.0622372093342801 0.011216826341912331
0.06223764733654022 0.011213489555093315
0.062238084135497425 0.011210161935271055
0.06223851973610358 0.011205336138344275
0.06223745458014011 0.011200523562778938
0.06223639233842003 0.011195724154315013
0.062236828464975996 0.011189436704720074
0.062237263401555 0.011183166410512846
0.06223769715302071 0.011176913201575937
0.06223812972421032 0.011170677008173549
0.06223856111993475 0.011164457760948886
0.062238991344978775 0.011158255390921575
0.06223942040410128 0.011152069829485125
0.06223984830203536 0.011145901008404388
0.06224027504348854 0.01113974885981306
0.062240700633142916 0.011133613316211181
0.06224112507565537 0.011128975233541961
0.06224154837565771 0.011124349635617474
0.062241970537756805 0.011118259529992748
0.06224239156653483 0.011113660733275507
0.06224281146654937 0.011107601283299028
0.06224323024233363 0.011103029067358399
0.06224364789839653 0.011098469076594081
0.06224406443922295 0.011093921262040082
0.06224302029448101 0.011090850676790012
0.062241978930417476 0.011087788268864177
0.06224094033593921 0.011084734005640272
0.062239904500012024 0.011081687854669287
0.062238871411660235 0.011080107084894387
0.062236390955859325 0.01107853050258909
0.06223536524809068 0.011076958091136452
0.062234342250250096 0.011075389834007337
0.06223332195161225 0.011073825714759827
0.062232304341508365 0.011072265717038662
0.06223128940932581 0.011072155589361945
0.06223027714450773 0.011072045751114076
0.06222926753655269 0.011071936201155572
0.0622282605750143 0.011071826938352923
0.06222725624950089 0.011071717961578553
0.06222625454967509 0.011071609269710783
0.06222525546525354 0.011071500861633788
0.06222425898600648 0.01107139273623757
0.06222326510175747 0.011071284892417904
0.06222227380238297 0.011072606138835064
0.062221285077812036 0.011073923953443346
0.06222029891802598 0.011075238349596096
0.06221931531305803 0.011076549340577465
0.06221833425299297 0.011077856939602867
0.062217355727966835 0.011079161159819419
0.06221637972816658 0.011079044266300598
0.062215406243829714 0.01108034359506466
0.062215844121221685 0.011081639579353141
0.06221487382785606 0.011082932232062472
0.062215311264505004 0.011085631996727257
0.062215747579521516 0.011086916216458648
0.062214781136888025 0.011089603966381145
0.062215217013921915 0.01109228484226292
0.0622156517776045 0.011094958870441294
0.06221468915528965 0.011099027472121083
0.062213728985515734 0.01110308570793672
0.062212771258921905 0.011107133617452572
0.0622118159661949 0.011111171240031916
0.06221086309806872 0.011115198614838215
0.06220991264532435 0.011119215780836387
0.06220896459878947 0.011123222776794056
0.06220663484238388 0.011127219641282807
0.062204310969201544 0.011131206412679416
0.06220199295698562 0.011135183129167078
0.0621996807835914 0.011137766083545872
0.06219737442698559 0.011140342539926228
0.06219507386524563 0.011142912522798091
0.062192779076558964 0.011144097479967998
0.062189117891964706 0.011145279467320435
0.06218546587178745 0.011146458496006158
0.06218182298166064 0.011146261133739567
0.06217818918738933 0.011146064264262658
0.062174564454949115 0.011147237904066834
0.062172312353861975 0.011148408620733269
0.06217006585501634 0.011148209814840234
0.0621678249375343 0.011148011502874885
0.06216558958064154 0.01114781368299878
0.062163359763666735 0.011147616353382591
0.06216113546604088 0.011147419512206045
0.06215891666729667 0.011145864960824326
0.062156703347067875 0.01114431424784108
0.06215449548508872 0.011141412482214258
0.062152293061193256 0.011138517863793412
0.06215009605531476 0.011135630366205091
0.0621479044474851 0.011132749963205438
0.06214571821783417 0.011129876628679404
0.06214353734658924 0.011127010336639953
0.06214136181407441 0.011124151061227282
0.062139191600709985 0.011121298776708042
0.06213836347407025 0.011118453457474562
0.06213753736725158 0.011115615078044089
0.0621367132728734 0.011111445213120344
0.06213589118359103 0.011107285493853347
0.062133740802179586 0.011103135883260146
0.0621315956401405 0.011098996344537317
0.06212945567849424 0.011096198751785741
0.062127320898353176 0.01109207763462335
0.06212519128092103 0.011087966483886982
0.062123066807492355 0.011083865263466405
0.062120947459451924 0.011079773937425612
0.06211883321827424 0.011075692470001784
0.062116724065522974 0.011071620825604247
0.062114619982850436 0.011067558968813436
0.06211252095199704 0.011062187722813446
0.06211042695479078 0.011056829357499307
0.06210833797314669 0.011051483826593106
0.062106253989066336 0.011046151084038353
0.062104174984637314 0.011040831083998668
0.0621021009420327 0.011035523780856451
0.06210003184351058 0.011030229129211594
0.06209796767141351 0.011024947083880177
0.062097210225767085 0.011019677599893186
0.06209645457927896 0.011014420632495239
0.06209570072554644 0.011009176137143311
0.062094948658197174 0.011005246018468555
0.06209419837088897 0.011001325201849833
0.06209344985730963 0.010997413654301133
0.062092703111176754 0.010993511342992217
0.06209324902375483 0.010989618235247708
0.062093793650319765 0.010985734298546178
0.062094336995410435 0.010983152237400227
0.06209487906354436 0.010980576244553092
0.06209413502225237 0.010976716596350152
0.06209339272548861 0.010972865997732683
0.062092652167124764 0.010969024416910571
0.062091913341061185 0.010965191822242428
0.06209117624122673 0.010961368182234726
0.06209044086157858 0.010957553465540927
0.06208970719610211 0.010953747640960633
0.06208770070027658 0.01095122986992865
0.062085698870720414 0.010948717954178138
0.06208370169117483 0.010947488069730074
0.062080438874561335 0.010946261038842215
0.062078452418486495 0.010943763612753739
0.0620764705606896 0.010941271967744172
0.06207449328522288 0.01093878608376353
0.062072520576212195 0.01093757476893747
0.062070552417856674 0.010936366248378597
0.06206732730420746 0.010935160512429307
0.06206410961314432 0.010933957551476449
0.06206089931907213 0.010932757355951069
0.06205769639651331 0.010931559916328156
0.06205450082010715 0.010930365223126398
0.062051312564609135 0.01093043189375596
0.06204813160489029 0.010930498411821152
0.06204495791593652 0.010930564777845053
0.06204179147284793 0.010930630992348351
0.062038632250838235 0.010930697055849361
0.06203548022523402 0.010930762968864036
0.062032335371474186 0.010930828731905982
0.06202795321530806 0.010930894345486468
0.06202358100728306 0.010932206977769926
0.06201921871356196 0.010933516633562946
0.062016106522233286 0.010934823322978179
0.06201176255325483 0.010936127056082516
0.062007428401155425 0.010937427842897354
0.06200310403269507 0.010938725693398838
0.061998789414783664 0.010941259315960879
0.06199448451448017 0.010942549928653731
0.061990189298991756 0.010943837637830963
0.06198590373567298 0.010945122453279707
0.06198162779202495 0.010946404384743157
0.061977361435694524 0.010947683441920814
0.061973104634473454 0.010948959634468734
0.06196885735629762 0.010950232971999768
0.061964619569246204 0.010951503464083806
0.06196039124154089 0.010952771120248011
0.06195617234154505 0.01095403594997707
0.061951962837763025 0.010955297962713413
0.06194776269883924 0.010956557167857463
0.06194357189355751 0.010957813574767857
0.06193939039084022 0.010957847709182914
0.061935218159747576 0.010957881767911907
0.06193105516947685 0.010957915751206283
0.06192690138936159 0.010956734193344767
0.06192275678887089 0.010955555246660845
0.06191862133760865 0.010954378902508234
0.061914495005312806 0.010953205152278782
0.061910377761854624 0.010953244098898226
0.06190626957723793 0.010953282959826538
0.061902170421598415 0.010953321735346216
0.061898080265202896 0.01095336042573852
0.06189519986334449 0.01095339903128347
0.061892325771238245 0.010953437552259868
0.0618894579681738 0.010953475988945287
0.06188659643353136 0.010953514341616094
0.061884936532710884 0.010953552610547446
0.06188328025217573 0.01095239256129319
0.0618816275800949 0.01095123503937936
0.06187997850468889 0.010950080036555655
0.06187833301422942 0.010948927544607655
0.06187669109703913 0.010947777555356608
0.06187505274149133 0.010946630060659254
0.061873417936009735 0.010946675497952942
0.061870601632800136 0.010945531679713162
0.06186779141889477 0.0109443903345939
0.06186498727456588 0.010943251454582886
0.061863370381369985 0.010942115031702424
0.0618617569728577 0.010940981058009206
0.06186014703777602 0.01093984952559412
0.061858540564920315 0.01093872042658208
0.06185693754313412 0.010937593753131825
0.06185533796130885 0.010936469497435755
0.06185374180838351 0.010935347651719742
0.06185214907334453 0.01093422820824295
0.061850559745225415 0.010933111159297657
0.061848973813106556 0.010931996497209088
0.06184739126611495 0.01093088421433522
0.06184581209342397 0.010929774303066627
0.0618442362842531 0.010928666755826296
0.06184266382786769 0.010927561565069454
0.06184109471357875 0.010926458723283402
0.061839528930742654 0.010925358222987343
0.06183796646876093 0.010923094833911521
0.061836407317080004 0.010920836240151539
0.06183485146519101 0.01091858242648417
0.061833298902629466 0.010916333377750559
0.061831749618975126 0.010914089078855877
0.06183020360385171 0.0109106904152449
0.061828660846926654 0.010907298914254808
0.06182712133791091 0.010903914553266803
0.06182558506655872 0.010900537309757215
0.061824052022667345 0.010897167161297017
0.0618225221960769 0.010893804085551321
0.06181984780569353 0.010890448060278887
0.06181717901612772 0.01088709906333163
0.06181451580980367 0.010883757072654137
0.06181185816921907 0.010880422066283181
0.06180920607694466 0.010877094022347237
0.0618065595156239 0.01087377291906601
0.06180391846797257 0.01087045873474995
0.06180014335816748 0.010867151447799792
0.06179637609682352 0.01086385103670608
0.06179261665949066 0.0108605574800487
0.061788865021820315 0.010858410617854135
0.06178512115956483 0.010856268205114894
0.06178138504857696 0.010854130228012796
0.06177765666480933 0.010851996672786813
0.06177393598431395 0.010849867525732786
0.061770222983241675 0.010847742773203122
0.06176651763784172 0.010845622401606508
0.06176281992446112 0.010843506397407622
0.06175800301343417 0.010840264267344083
0.06175319600356041 0.010837028801473893
0.061748398864343475 0.010833799979270788
0.06174361156541212 0.010830577780292713
0.06173883407651955 0.01082623631847973
0.061734066367542834 0.010820779014369942
0.061729308408482224 0.010815332870391256
0.061724560169460554 0.010811020284262993
0.0617198216207226 0.01080671649933091
0.06171509273263447 0.010802421488680033
0.06170925800455108 0.010798135225505023
0.06170343514773541 0.01079273981856475
0.06169762412599457 0.010787355377898745
0.061691824903282635 0.010780866261866645
0.061686037443699944 0.010774390308341708
0.06168026171149229 0.01076681411892459
0.06167449767105024 0.010759253265923297
0.06166874528690837 0.010750596587857758
0.06166189793065306 0.010741957398030737
0.06165506439348202 0.01073222676559737
0.06164824463360367 0.01072140798861592
0.06164143860939475 0.010710611001719026
0.06163464627939954 0.010698730205282123
0.06162786760232893 0.010686873289843081
0.06162110253705968 0.010673936872223655
0.0616143510426335 0.01066102640529153
0.06160761307825626 0.010647040716154316
0.061600888603297196 0.010633083026394756
0.06159417757728805 0.010620252144709255
0.06158747995992228 0.010606349104251357
0.06157970223893418 0.010591377123023282
0.06157194002686131 0.010576434996194465
0.061564193277362296 0.010560428138426128
0.06155646194428019 0.010544453135101111
0.06154983510595998 0.010527417584220473
0.06154322142918559 0.010509324661122291
0.06153662087478576 0.01049126763668105
0.0615300334037445 0.010472157379038663
0.061523458977200345 0.010451997037629323
0.0615168975564456 0.01042970295214481
0.06151034910292555 0.010407452926117776
0.06150381357823771 0.010385246829066117
0.061497290944131124 0.01036200097528407
0.061490781162505524 0.010338800926140018
0.06148428419541069 0.010315646546384043
0.06147780000504564 0.010292537701298189
0.06147132855375792 0.010268394989816172
0.0614648698040429 0.010243221489550803
0.06145842371854301 0.010218097349089876
0.06145199026004703 0.010191946397881168
0.0614455693914894 0.010165846622702222
0.06143916107594949 0.0101387239905191
0.061432765276650855 0.01011165433222696
0.06142638195696061 0.01008463749278027
0.06142107884565241 0.010056602616151752
0.061414719336157275 0.0100286223351934
0.06140837219924871 0.010000696490579324
0.06140203739885503 0.00997282492360298
0.06139677851764716 0.009942874523022891
0.06139046725099004 0.009912982222152948
0.061385229772796 0.009882083514285878
0.061380002434927604 0.00985124462966734
0.06137478520796418 0.009820465394728917
0.061369578062598754 0.00978974563657298
0.061364380969637505 0.009759085182969472
0.06135919389999923 0.009728483862352661
0.061355072116286574 0.009697941503817963
0.06135095826671004 0.009667457937118751
0.06134685232838269 0.009637032992663191
0.06134380639717894 0.0096066665015111
0.06134076631229229 0.009576358295370818
0.061337732056906846 0.009547161319369609
0.0613336545189273 0.00951802027627262
0.06132958478484819 0.009488935005506915
0.0613255228322874 0.00945990534711361
0.06132146863894831 0.009430931141744935
0.06131742218261941 0.009403060367116798
0.06131442753606332 0.009374195593007164
0.06131143859359592 0.009344339707397955
0.0613084553389353 0.009316630877354242
0.06130443663842896 0.009290018922215999
0.06130042557078207 0.009264500759801139
0.06129642211426924 0.009240073317111573
0.061292426247247435 0.009215692182370233
0.06128636321348503 0.009194478412400254
0.061280311651877334 0.009174344257433732
0.06127427152989461 0.009154248163251645
0.061266173459676665 0.00913834032176071
0.06125809066883649 0.009123499141220539
0.06124899020649166 0.00911075731725494
0.061239906882494005 0.009098039489191348
0.06123084064847564 0.009086379347288395
0.06122076134429142 0.009075773916831257
0.06121070096837796 0.009065188402675449
0.06119963117423148 0.009058746198413188
0.06118858212946484 0.009051286174475185
0.061177553775793266 0.009044869051333454
0.061164494909118294 0.00904051985304996
0.06115248512039088 0.009035151789031826
0.06114049775890664 0.009029793749409619
0.06112853276190279 0.009025470785171625
0.0611155682628705 0.009022179992457779
0.0611026279062945 0.009019918475752344
0.0610897116248005 0.00901766116651985
0.061076819351264675 0.009015408053029424
0.06106496902779161 0.009013159123593762
0.06105212362544695 0.009011933703233888
0.061038285805603644 0.009012747284087604
0.06102447361135264 0.009014576748345611
0.061010686971577584 0.009016402827840882
0.060995912303150095 0.009022287300070785
0.060981164919428836 0.009028160905315958
0.06096644474490264 0.009035037162631166
0.060951751704338704 0.009041900744817682
0.06093708572278133 0.009048751686889674
0.06092244672555065 0.009055590023732464
0.06090783463824135 0.009063425516450202
0.060893249386721415 0.009071246618915015
0.06087869089713087 0.00907804549709491
0.06086315384505 0.009084831911703442
0.06084764524910846 0.009092611924696965
0.060832165031201584 0.009100377701619138
0.060816713113510265 0.00910913343125941
0.06080128941849965 0.009117873168699426
0.0607858938689179 0.009126596957713458
0.060770526387794815 0.009135304841916159
0.06075518689844062 0.0091439968647633
0.06073987532444468 0.009152673069552485
0.06072459158967418 0.009161333499423871
0.06070933561827292 0.009168980431850037
0.060695102551226426 0.009175616587388287
0.06068188950812878 0.0091812446791319
0.060667707086231044 0.009186862575057138
0.060653550333875206 0.009192470302844955
0.060640410700675065 0.009195087710697006
0.06062729480664963 0.009197700389718249
0.060614202587523154 0.009200308352712377
0.06060311135071816 0.009198948431723142
0.06059204009812361 0.009196601010659266
0.06058098877577677 0.009194257815375882
0.060570943192712424 0.00918994245410871
0.06056091566101028 0.009184647529490147
0.060551890118223435 0.009178375672335402
0.060542880764751 0.009172115065148648
0.06053585167371546 0.009162911646043173
0.06052883516833979 0.009153724705754358
0.060521831214852086 0.009144554200063555
0.060515819036402574 0.009132453994267
0.06050981759398601 0.009120375395980799
0.060503826858870804 0.009108318347379317
0.060497846802427827 0.009097262189000506
0.060492853049793564 0.00908622572101952
0.060487868182840146 0.009074231235425837
0.06048289217787242 0.009061281296369267
0.060477925011279424 0.009048354358980649
0.060472966659533965 0.00903545036203105
0.06046801709919231 0.009022569244508668
0.06046404665867464 0.009009710945617859
0.06046105261951321 0.008993958119715111
0.06045806387485074 0.008977261616121732
0.06045508041065587 0.008960594611651312
0.060454035462164865 0.008940077985703343
0.06045299235661652 0.008919597544280858
0.060451951089139616 0.008899153191741935
0.06045091165488011 0.008878744832781426
0.060449874049001005 0.008858372372429467
0.06044883826668233 0.008838035716050007
0.06044684283180841 0.00881677018708017
0.060444850897697425 0.008795541966055894
0.060443822241144085 0.008774350954884422
0.06044183644053475 0.008754159104146873
0.06044081222122574 0.0087340025847317
0.06043978979250993 0.008712920937559212
0.06043972545843959 0.008690916618980556
0.060440616584464306 0.008667992079085607
0.06044150615665114 0.008645107512233194
0.06044239417906065 0.008622262813964148
0.06044328065573924 0.00859945788018295
0.060444165590719266 0.008576692607156156
0.06044504898801905 0.008553012469419202
0.06044593085164296 0.008529373443032486
0.060446811185581484 0.008505775421028055
0.06044768999381128 0.008482218296808727
0.06044951505613472 0.008458701964146487
0.06045133696091088 0.008434276062215093
0.06045315571632701 0.008409892383104672
0.06045591652138424 0.008386499431195188
0.06045867256232575 0.008363146846760958
0.06046142385147254 0.0083388875471788
0.06046417040110314 0.008314670037949064
0.06046691222345382 0.008290494211179278
0.06047059032668158 0.008265415464932443
0.060474262110144346 0.008241323492309181
0.060477927590116186 0.008217272879295575
0.06048158678281535 0.008193263519477531
0.06048617734195834 0.008169295306805704
0.060490760040554856 0.008145368135593934
0.06049533489877738 0.008122421588062992
0.06049990193672944 0.008099514265399623
0.060504461174445884 0.008075707984499587
0.060508078994499545 0.00805194232865228
0.06051169064606207 0.008028217193957314
0.06051529614489621 0.008004532476868302
0.06051889550671105 0.007980888074191355
0.06052248874716227 0.007957283883083588
0.060526075881852305 0.007933719801051618
0.060529656926330645 0.007910195725950095
0.06053323189609401 0.007886711555980211
0.0605368008065866 0.007863267189688241
0.06054036367320027 0.00783893242689097
0.060543920511274836 0.007814638839665268
0.060547471336098224 0.0077913148502246855
0.0605510161629067 0.007768030259414915
0.06055455500688513 0.007744784967492587
0.06055808788316713 0.007721578875050736
0.06056161480683535 0.007698411883017379
0.06056513579292163 0.007675283892654113
0.06056865085640726 0.007652194805554703
0.06057216001222317 0.007629144523643696
0.06057566327525014 0.007605210659497993
0.060579160660319 0.0075813169528424675
0.060582652182210886 0.007556542601417903
0.0605861378556574 0.007532729678239253
0.060588701897596256 0.007508037448971552
0.06059126165183957 0.007483386511057142
0.060593817129133434 0.007458776761008921
0.06059636834018808 0.007434208095685321
0.06059891529567799 0.007409680412288867
0.06060236998816271 0.0073851936083647405
