0.01428474258739663 0.03953982118113306
0.011537862455942427 0.032404583293675376
0.008790805421843758 0.02416710752099986
0.007417276904794425 0.019224224662319853
0.006373381255656711 0.017137576194753527
0.005677450822898236 0.016112741609416878
0.005337342327290834 0.015537681863387809
0.0052196215471644585 0.015106387053866008
0.004883863448491281 0.015137166467947025
0.004725146239006795 0.015491364413960046
0.004695185316031616 0.01598088471031718
0.004761790723297023 0.016754923101642224
0.004902676902337303 0.017578822791082957
0.005023436484371828 0.018441880286075296
0.005201351117123628 0.01933624495018526
0.005357026420781454 0.020324626601249222
0.005559023826881853 0.021325840697912393
0.005738577076748874 0.022337728502535764
0.0059570618329407845 0.023300845796848383
0.006153698113513505 0.024332191860850456
0.00638393004538113 0.025317539664287618
0.006593231801624425 0.026312998102286024
0.006832105348823944 0.02722189493698022
0.007051072767090171 0.028100733521721655
0.007296471812643713 0.0289531161971821
0.007522994008539291 0.02982424634809734
0.007773429141089562 0.030671437785911786
0.008005976049886242 0.03149725084819528
0.008222485240834876 0.03230389263253868
0.008424560485720269 0.03309327586994557
0.00861359861803241 0.033867066403375216
0.008825154966862496 0.03462672176405981
0.009023889718793789 0.03530714784412662
0.009210934191199713 0.03597976225886649
0.009418679609594059 0.03661394156419265
0.009584366336566312 0.037212888685889574
0.009741097024242768 0.03777946028749477
0.009889578728357305 0.03834503116862219
0.01005861578237383 0.038881598414819994
0.010219200983689532 0.039391337298707904
0.010371952760550808 0.03987621087118665
0.010543587363886076 0.04036406602382435
0.010707238962415051 0.040829230239130064
0.010863451851919984 0.041273250626467334
0.011012721946335808 0.04172186629882953
0.011155502036646595 0.04215097694195858
0.011315579566251502 0.042561827557720436
0.011468987198789535 0.042955559397825555
0.01161613329530561 0.043355560981081856
0.01175739354796104 0.043761453120912196
0.01189311418286528 0.04415142792192566
0.012023614793350124 0.044568492179248125
0.012169917168353767 0.04501110061305256
0.012310800936875796 0.045457570617388296
0.01244656165926975 0.04588780534883909
0.012597088909530799 0.04632220269816563
0.01274233450188795 0.0467605406295187
0.012882571625543132 0.04716491159989122
0.01303667184030787 0.047574107416592896
0.013185635381247115 0.04796966337273786
0.013329714871663761 0.04835225028114035
0.013469146636583098 0.048704860065494945
0.013604151996266899 0.04904627588844146
0.013734938438460582 0.04937702246692089
0.01386170068243292 0.04969759222760096
0.013984621646284886 0.04997530657522644
0.014103873327633807 0.05024473094232579
0.014219617606590114 0.05050623106333398
0.014332006978910005 0.05076015147068976
0.014441185226306469 0.05099118979913726
0.0145472880301143 0.05121572000565666
0.014650443533816358 0.05141881791255995
0.0147507728593348 0.05161635149324672
0.01484839058146085 0.051793759530869496
0.014943405164330204 0.051966436687489
0.015035919363439839 0.05212016999387203
0.015126030596338835 0.05224147890152
0.015213831284804523 0.05234564106024372
0.015299409171030573 0.05243330577809299
0.015382847610100971 0.05250508993018286
0.015464225840799262 0.05256157996075177
0.01555701367066932 0.05261669218569704
0.015647565649217206 0.052657278903396415
0.015735961628275858 0.052696899270674384
0.015822277701944897 0.052735587394016396
0.015906586425063488 0.0527606371056459
0.01598895701661614 0.052772517179487326
0.016069455549269866 0.052784127251650534
0.01614814512613362 0.052795476423315696
0.016237289244825228 0.052806573391166074
0.016324474152117026 0.05281742646961315
0.01640976373533726 0.052828043611572235
0.01649321913397211 0.052838432427897805
0.016574898885827503 0.05284860020557814
0.016654859063959616 0.052858553924781004
0.016733153405047316 0.0528683002748338
0.016809833429823926 0.05287784566921541
0.01688494855613571 0.052887196259630044
0.016958546205148264 0.05289635794922822
0.017052635883490347 0.052938202193798585
0.01714486239988506 0.05297921783946656
0.01724604628875258 0.053019429256788105
0.017345265441913928 0.05304822498977799
0.017453134599575912 0.0530764669586719
0.01755894910661576 0.05310417098530118
0.01766276711352278 0.053131352294446876
0.017764644596936212 0.05314778697014507
0.017864635460286434 0.053174061070002485
0.017962791628896285 0.05318980236838919
0.018059163139895043 0.05319529692440247
0.018153798227272203 0.0532006924794065
0.018246743402374775 0.053205991685214025
0.018338043530130396 0.05321119709976833
0.018427741901258725 0.05321631119126027
0.018506332137459707 0.05317368258064735
0.018593033221091605 0.053141239630885156
0.01867825223491783 0.053109351261460776
0.01876202685867921 0.05307800337287409
0.018844393505570642 0.053047182339557776
0.01893453712403235 0.05301687499013007
0.019023190765329403 0.05298706858862678
0.019110391068244536 0.05295775081665634
0.019196173480055357 0.052928909756425245
0.019280572304578907 0.05290053387458498
0.01936362074791008 0.0528638417713545
0.01944535096198203 0.05283643271291703
0.019525794086068592 0.05281808647892913
0.019604980286341302 0.0528000269048473
0.01968293879358653 0.05277374995526114
0.01975969793918183 0.052739444347688166
0.01983528518942453 0.052705662489849134
0.01990140922464677 0.052655779562005664
0.019966538913474687 0.05260664675337789
0.02003069651739473 0.05255824727025202
0.02009390363829373 0.052502441703309644
0.020148107428191363 0.05244745680646936
0.020201519921886107 0.052401279136455065
0.020254158321469335 0.05235577070803518
0.0203060393340082 0.052310917077146524
0.020357179189225083 0.05224320290280067
0.020399805677523888 0.052168669514360284
0.02044183179274806 0.05207973396271784
0.02048327013013693 0.05198436931977008
0.020524132935062066 0.0518750879528436
0.020556858538311414 0.051759744941908194
0.02058913584562584 0.05164598197221847
0.02061350305625681 0.05150389723819297
0.02063754098025763 0.05135631433604961
0.020661256247560454 0.05120334348707451
0.020677333391844344 0.05104509199092316
0.02069319759381984 0.05087439168241518
0.0207016271116017 0.05070593743059809
0.02070994643960863 0.050539685195144624
0.020711025278792268 0.050361328978878385
0.02070500344259711 0.050164014860747196
0.020692017176478394 0.0499410622127975
0.02067919634050132 0.04972094972596819
0.02066653779358724 0.04950362347314938
0.02064712941815985 0.04926139042415305
0.020634829521346834 0.04902218528826918
0.020622682418283047 0.04878595164475654
0.020610685279454616 0.04856619915871439
0.02059883534478359 0.04834914302219423
0.02058712992151099 0.0481347339117292
0.020575566382156848 0.04792292369957283
0.02056414216255396 0.047713665417683404
0.0205528547599523 0.04750691322300223
0.02054170173119114 0.047302622363972036
0.02053068069093603 0.04710074914824396
0.020519789309978036 0.04690125091152446
0.020509025313592652 0.046704085987515125
0.020498386479955936 0.04650921367890125
0.020487870638615596 0.046316594229346496
0.0204774756690148 0.04611987428197791
0.02046719949906659 0.04591284521433458
0.020450798400211846 0.04569568220729659
0.020434582624508004 0.04548097301954717
0.020424720620595475 0.045262503008486915
0.020408831712662716 0.04504647400313683
0.020399222347192797 0.04483895001409523
0.020383649881742186 0.044627648141369956
0.020362212375990865 0.04441866826724606
0.020341009159919887 0.0442119723261727
0.020320036413588812 0.04398960666871332
0.0202992903996505 0.043769644964307554
0.020278767461130887 0.043552048439519056
0.02025846401927993 0.0433367791502898
0.020238376571491214 0.04312379995988212
0.020218501689287568 0.04291307451752109
0.020198836016370274 0.042704567237711225
0.020179376266729603 0.04249824328020304
0.020160119222814354 0.04229406853058556
0.02011259823556005 0.04198383705581241
0.020065567155390842 0.04167680384366579
0.02001901844527465 0.04137291969010529
0.019978550613345764 0.04108895202542416
0.01993849362235017 0.04080786728119665
0.019898841247425234 0.04052962177680982
0.019859587388831205 0.04025969378342922
0.019820726068823114 0.039992465069982434
0.019782251428616098 0.03972789534870924
0.019744157725440838 0.039460506051995844
0.019706439329686024 0.039195751132589975
0.01966909072212488 0.03893359184964886
0.019637466127899534 0.038690069115344554
0.019611482033042724 0.038464912682864005
0.019591056524576794 0.03825785718156379
0.01957610925203076 0.03806864199964972
0.01956130501558564 0.03787597960415328
0.019546641771868576 0.03769038493624511
0.019532117516243612 0.03750654945950194
0.01951773028189813 0.037324448279709176
0.019503478138954953 0.03714405697014921
0.019489359193609376 0.036965351560678594
0.019480481272246688 0.03678830852711003
0.019471685553859582 0.03661290478088931
0.01946297090200139 0.03643911765905774
0.019454336201077675 0.03626692491449067
0.01944578035587016 0.03609630470640366
0.01943730229107362 0.03592723559111745
0.019428900950845374 0.03575969651307365
0.019430471850474643 0.03557386702336063
0.019427102675934747 0.03538970416584234
0.019428667577687464 0.03521209130757394
0.019425336370355862 0.035040941162412964
0.019426895238931915 0.034881030357904214
0.019428440372983066 0.03472252845916207
0.019429971953226752 0.034565416927952744
0.019431490157223768 0.03440487886862061
0.019432995159446898 0.034245736792413106
0.019443997276924023 0.0340927297038894
0.019454904548560827 0.033941041641990896
0.019475145798602964 0.03380480454764375
0.01949990733538764 0.03368382012736842
0.01952445813568905 0.03357321730119089
0.01955345413528086 0.03347751963755336
0.019582205442892995 0.0333919016175887
0.019615329029537863 0.033320851710939174
0.019652769735852598 0.03326418555595007
0.019689898436281376 0.03321714513403637
0.01973127490634235 0.03318416671192924
0.019772309422105293 0.03316507370005664
0.019813006205228217 0.033146137832314675
0.019857868991561174 0.033113855896142144
0.019902365551066923 0.033086319806930775
0.019942037348505578 0.03305007914027
0.019981387916815172 0.03301413192030283
0.02002042114183195 0.03297847459727087
0.02005914084696907 0.03293869288358763
0.020101942387863073 0.032899229423613854
0.02014877668212547 0.03286008041352034
0.02019523927563975 0.03282995844920565
0.020245673498322195 0.0328044151906687
0.02030003212837941 0.03278771929558244
0.0203539644162401 0.03277546011293693
0.020407475358101876 0.032763296705155834
0.020460569872400525 0.032755499932258215
0.020513252801317015 0.032752018731930566
0.020565528912249595 0.03275704092035113
0.020617402899251923 0.03276202447655307
0.02066887938443814 0.03277117515429505
0.02071996291935576 0.032780255979535176
0.020774831316495886 0.03278926774907006
0.020825126521860884 0.03280236844881736
0.020879183974107478 0.032815370275359024
0.020928708716809536 0.032828274343806384
0.020977862487656148 0.03284519191646825
0.021026649439317337 0.032861983238587855
0.021075073662713387 0.03287864971816383
0.021123139188158356 0.03289925690447132
0.02117490011870836 0.032919712008223044
0.021226280454180787 0.03294405064488815
0.021277284376939133 0.032972229789392134
0.021331921486812924 0.03300020324670996
0.021386161235887633 0.03302398367556241
0.02144000794330238 0.033051566912587454
0.021493465865826046 0.03308291141879727
0.021546539198979038 0.03311403042496241
0.021599232078130935 0.03315278933769333
0.021651548579574603 0.0331912714010476
0.02170349272157739 0.03323338251966676
0.021755068465409946 0.03327519497787018
0.021802401620539976 0.033308960835435046
0.02184940144359163 0.03334248890527058
0.021896071443323617 0.03337578169040551
0.021946252495907655 0.033405006212931035
0.02199608385474546 0.03343402708024732
0.022045569162480225 0.033455227754208734
0.022094712011337933 0.033476281710703285
0.022143515943996623 0.03349719046749787
0.022195755635751012 0.03351795552149662
0.022247637521397492 0.03353857834909811
0.022299165264479833 0.033562804897717145
0.02235034247869767 0.03359432914183623
0.022401172728751317 0.03362192122994087
0.02245536670609063 0.0336530327550719
0.022509195740821598 0.033687627820128525
0.022562663506863097 0.03372567100104431
0.022615773628984585 0.03376345971252252
0.022668529683625264 0.03380465190019582
0.022720935199696903 0.03384557038562544
0.022772993659370716 0.03388258669472281
0.022821086968232606 0.03391935867174693
0.02286886387374672 0.033952281067816475
0.022916327488077138 0.033984987579321634
0.022963480882706045 0.03401389589660727
0.02301032708909633 0.03403904279965645
0.023056869099341223 0.03406402641112739
0.02309955836595293 0.03408174742980055
0.023141972217941332 0.034099354119320975
0.023184113312039133 0.03411331950807296
0.023225984270918362 0.034130712141640464
0.02326408129039533 0.03415149886672939
0.023305430880178647 0.03417215319229546
0.0233430338023597 0.03419267637928651
0.023380398731362384 0.0342165413120505
0.023417527919488083 0.034240255677415336
0.023454423590707332 0.03426727038493518
0.023487647233159204 0.034290677045586505
0.023520663227845753 0.03431393741460875
0.023550053989174265 0.034337052859213416
0.02357926219919018 0.034360024729627986
0.02360828955341652 0.03438285435935888
0.023637137726443932 0.034405543065449455
0.023662430688047874 0.034428092148733325
0.023687568478108233 0.034450502894082934
0.02371255252021715 0.034472776570653646
0.02373738422060589 0.03448822487739291
0.023762064968408686 0.034500244224334536
0.023786596135921764 0.03451219072674924
0.023807662389500456 0.0345174344178538
0.023828601737937112 0.03452595198359678
0.023849415324521294 0.034541008647853644
0.02387010427885048 0.034552690029210936
0.023890669717034418 0.03456757698787339
0.023911112741895828 0.034585640619143036
0.02393143444316756 0.034606852353604646
0.023951635897686202 0.0346376737837213
0.023971718169582316 0.03466831337649212
0.023991682310467274 0.03469877273636429
0.024008309716363196 0.0347322693442181
0.02402483988596733 0.034765570065476266
0.024041273669742867 0.03479547946975485
0.024057611908263894 0.0348252149821481
0.024073855432358713 0.03485477811475935
0.024090005063250673 0.034884170362211
0.02410606161269657 0.03491339320189637
0.02412202588312266 0.03494244809422721
0.02413475262225056 0.034971336482877084
0.02414740663715487 0.03499379247197951
0.024159988549410153 0.035016120506728074
0.024172498973527624 0.03503832167764284
0.024184938517055193 0.03506039706288671
0.024197307780675827 0.035082347728439926
0.02420960735830423 0.03510108476338152
0.024221837837181917 0.03511971653408187
0.024233999797970647 0.03514131657927695
0.02424916076982262 0.03516279595382849
0.02426423727943586 0.035187210915174065
0.024276180114322872 0.0352084434756006
0.02428805678391965 0.03522955840411341
0.02429986783655733 0.03524752646137472
0.02431161381452483 0.03526841738756577
0.024323295254151847 0.03528919352844808
0.02433190436048122 0.03530685051914467
0.02434046642251371 0.03532141365186416
0.024348981824807603 0.03533589742146256
0.024354466966694965 0.03535030247492183
0.024362898273192737 0.0353646294522106
0.02436831615364183 0.03537887898637888
0.024373704827188234 0.03539009446399277
0.024379064529371483 0.035401249643339926
0.024384395493205226 0.03541234500939299
0.02438969794921098 0.035426314560422625
0.02439497212545137 0.0354402096071801
0.024400218247562822 0.03545403074411439
0.02440252362464148 0.03546777855936734
0.02440481680395782 0.0354843558518894
0.024409995424631695 0.03550084566529525
0.024415146789407288 0.03551724869020949
0.024420271112897973 0.035539323541618095
0.024425368607469855 0.035561282817888444
0.02443043948327113 0.03558312742430881
0.024435483948260936 0.035604858256737405
0.024443354429082007 0.03562647620172481
0.024448339298538676 0.03564229878962891
0.02445329840639609 0.03565520488343988
0.024458231951841866 0.0356680444509941
0.024463140132015428 0.03568081800534752
0.024468023142034254 0.035693526054294
0.024470072559589707 0.035708974824315516
0.02446930991481621 0.035727143084122684
0.024465756525440453 0.03575080046999777
0.024462221173574217 0.03577712106782649
0.024455923105531404 0.03580886005492256
0.02444688311706766 0.03584320712652183
0.024437888670107513 0.03587738116501481
0.024426179504274437 0.03591413764700335
0.024411775911351637 0.03595345685119877
0.024394697986824837 0.0359953192469935
0.024377705238978968 0.0360397054920879
0.02435806424046161 0.03608387091009228
0.02433579460656616 0.03612781714488076
0.024313635218383062 0.03616883347662385
0.02429158525927741 0.03620964725858055
0.024269643920659965 0.03625025998742416
0.024245110993551207 0.03629067314511867
0.02422069832588906 0.036330888199098986
0.024196405035574898 0.03637090660244859
0.024172230249115925 0.03641607478779421
0.024145499880884328 0.03646102317661747
0.02411623246221037 0.03650309400271755
0.02408444635136418 0.03654496109600358
0.02405281379660903 0.03658662593280031
0.024021333687900902 0.03662808997520283
0.023990004925869248 0.03667198846707531
0.023958826421689068 0.03671567641462226
0.023927797096954726 0.036767016992446805
0.023894293493965324 0.03681811250784737
0.02386094943194254 0.03686896471126983
0.023825153785606543 0.036922176561766426
0.02378952778688351 0.036975136223398104
0.02375407023259889 0.037027845484738385
0.023718779930928816 0.03708030611748744
0.0236836557012666 0.03713251987667061
0.023648696374091064 0.03718448850083414
0.023613900790836723 0.03723877805301479
0.02357670045248348 0.037295371926448787
0.023537112132199885 0.03735425366316426
0.023497707943638542 0.03741795201808092
0.023458486605140123 0.03747881562818422
0.023419446846912533 0.037539397462314814
0.0233780496260264 0.03760222690530561
0.023336843175743423 0.03766476681169277
0.02329582618040428 0.037727019178280446
0.02325751765946487 0.03779149566939149
0.023216869907848738 0.037858180655186965
0.023173898917388535 0.037924561143330406
0.023131123694538628 0.03799063921467138
0.02308854290451986 0.03805641693114261
0.023048647002702843 0.03811941546259738
0.023008931625328438 0.03817717734610417
0.022971876048410812 0.03822726526920996
0.02293498738850633 0.03827712757104051
0.022900733834769572 0.0383193829751646
0.02286909762062096 0.038354079882237886
0.02283760295552894 0.03838371840626192
0.022806248891620366 0.038410778099543595
0.022777481716904944 0.03843039245856522
0.022751284132384562 0.03844748295535621
0.022722766401369065 0.03845720235605105
0.022694374855004078 0.03845959753044283
0.022668534223277213 0.03845955998627228
0.022642807426932404 0.038459522607494565
0.02261477881158617 0.03846189689007399
0.022586873128763382 0.03846426075913333
0.022559089571467173 0.03846181219345584
0.022531427339748673 0.038459374320204895
0.02250149172969364 0.038456947069495345
0.02247407498124734 0.03845214468995809
0.02244439365227389 0.038447363145039215
0.022417219179962467 0.038442602299449
0.022390162091980678 0.038437862019066515
0.022363221629378125 0.038433142170927054
0.022336397039733 0.0384284426232097
0.02230968757708206 0.038421408092617425
0.022283092501851468 0.03841205339762864
0.02225426320660069 0.038402738679968865
0.02222555685077529 0.03839346368391958
0.02219697264965553 0.038386563444947855
0.02216850982518596 0.03837969250635393
0.022140167605904818 0.03837285068190658
0.02211194522687434 0.038366037786949504
0.022083841929611922 0.03835693805645563
0.022055856962022186 0.03834787664061647
0.022027989578329885 0.03833885329795311
0.022002542613688513 0.03832986778901161
0.021977202121702545 0.03831632695733528
0.02195426134208048 0.03830055075506625
0.021931416149040175 0.03828255299874523
0.021908665946407523 0.03826463007716983
0.02188601014295592 0.038246781524563615
0.021865723006815663 0.038226733649437725
0.02184324954746839 0.03820903714958553
0.021820868762180277 0.03819141362499046
0.021798580078889233 0.03817386262518797
0.021776382930231833 0.038156383703413406
0.021754276753495155 0.03813897641656415
0.021732260990569265 0.038121640325162125
0.021710335087900212 0.03810437499331685
0.02168849849644366 0.038087179988688866
0.021666750671619047 0.03807005488245368
0.021642862308074984 0.0380529992492661
0.021619070658553365 0.038036012667225026
0.021595375136908602 0.03801909471783867
0.02157177516172208 0.038002244985990155
0.021546059280761854 0.03798767211090862
0.021520446676431985 0.03797536222764922
0.021494936727830895 0.03796750131242919
0.02146733116632653 0.037961867012538744
0.021442029072829848 0.037962826539502115
0.021416827784486538 0.037968153492798876
0.02139172670007302 0.03797345926536682
0.021366725223137335 0.03798092064605598
0.02134182276195189 0.037988352476722616
0.021319190281087155 0.037997922793307604
0.021296647080225828 0.038011781911531914
0.0212741926321238 0.038025586466298646
0.021253985119453093 0.03803718210600511
0.021233856851930116 0.03804873227261469
0.021213807364319163 0.03806023723309273
0.02119598220030138 0.03807383930047542
0.021178226530100427 0.03808525046573159
0.021162677546395812 0.038094483310484505
0.021147188947093935 0.03810368029952964
0.02113176038112269 0.03811284164133041
0.021118516632972345 0.0381198458066909
0.021105324018984746 0.038124705094891256
0.02109429912064488 0.03812954565751088
0.021083316625760167 0.038132257725825534
0.02107448496973184 0.038132853373225466
0.021065687151466072 0.03813344673845144
0.021056922976864803 0.03813403783459434
0.02104819225331163 0.03813253254530031
0.021039494789657703 0.03813103299044168
0.021028741761123362 0.03812745279936168
0.021018029541046458 0.03812388619534459
0.021007357897560752 0.03812033310119121
0.020996726600553257 0.03811679344028604
0.020986135421647675 0.038113267136591834
0.020975584134188062 0.03810975411464413
0.02096507251322266 0.038104191327524885
0.020954600335487898 0.03809864941390328
0.020944167379392593 0.03809312825651246
0.020935826924169433 0.038087627738962355
0.02092751759004785 0.03808010001096589
0.020919239203166944 0.03807260031920032
0.020908949542530194 0.03806104780977379
0.02089869806245239 0.03804750138725189
0.02088848455081932 0.0380319719915736
0.020878308797085077 0.03801447048667006
0.020868170592257606 0.03799703356296543
0.020858069728884376 0.03798168290763948
0.020848006001038255 0.03796638868854635
0.020837979204303497 0.03795115059502788
0.02083000126406668 0.037935968318701774
0.02082205249362963 0.03792084155344085
0.020812127948532853 0.03790376640067683
0.02080023835771111 0.03788475338184932
0.02078839200176508 0.03786580950127209
0.02077459464587427 0.037844941451431954
0.020760847280403356 0.03782215957453845
0.020745162788733937 0.03779747414277324
0.020729534919778123 0.03777089535892373
0.020713963367467194 0.03774441235447548
0.020696471650408322 0.03771604917451538
0.020679042740232963 0.03768581585045681
0.020661676299269703 0.03765372234654657
0.02064240637287458 0.03761977856046701
0.02062320526764515 0.03758399432393159
0.020604072615553796 0.03754833766043195
0.020585008051192306 0.03751280788897324
0.020566011211748617 0.03747545303274949
0.020547081736983806 0.03744017848145141
0.02052821926920931 0.037403084402431154
0.020507482101462454 0.03736612139789506
0.020484880115349907 0.03732735116929312
0.020462357713695506 0.03728871745558063
0.020439914476897532 0.037250219536995414
0.02041562219018512 0.037209929226557525
0.020389490540470637 0.03716785588098725
0.02036345026016075 0.03712592964501686
0.020337500870881615 0.037086067189418925
0.020311641897592998 0.037050171643505304
0.020285872868559297 0.03701440095166443
0.02025828554775673 0.036980661724492506
0.020230793850249836 0.03694703944438183
0.020203397279723936 0.036915434092277495
0.020176095343293118 0.03688393791237386
0.02014888755147068 0.03685255033998714
0.020121773418139886 0.036821270814321204
0.020094752460525007 0.03679198622644186
0.020067824199162664 0.036762802100270504
0.020039106505934042 0.03673183693559209
0.02001048699285321 0.03670097763472454
0.019981965157291424 0.03667209822010648
0.01995354050004501 0.03664331720213108
0.019925212525306237 0.03661463407877464
0.019898846419297705 0.03658791328691575
0.019872569689919708 0.03656314476320345
0.01984638188348377 0.036540318507919084
0.019818426325156343 0.036512003173730954
0.019792418146001408 0.03648193090181585
0.019766497536473256 0.03645195988334154
0.01974066405504436 0.03642208960778647
0.019714917263150458 0.036390476380425474
0.01968925672516575 0.03635896906002381
0.019663682008378317 0.03632756711527567
0.019640027197351334 0.03629810397472943
0.01961645123569444 0.036268739044651666
0.019592953729816773 0.03623764398151686
0.019569534288742682 0.03620665222423965
0.019548014847220425 0.03617029748188999
0.019528385941803915 0.036134063119481884
0.019508821925330933 0.03609431644223847
0.019489322476569083 0.03605288781557262
0.019471697533979163 0.03601159569179529
0.019454130568174077 0.035972246559715385
0.0194366212935539 0.03593302665302819
0.0194209707462602 0.03589393533619899
0.019405371428253874 0.03585317368864831
0.019388027655208504 0.035808954421713404
0.019372532972972267 0.03576487942644876
0.019355299177127833 0.03571557905312102
0.01933812142614793 0.03566107859719579
0.019320999447086793 0.03560497116547399
0.019302152050860798 0.03554548352880942
0.0192833656494446 0.03548085398250669
0.01926463994722522 0.035412882795053814
0.01924597465049687 0.03534335853897204
0.01922559999091607 0.03526874996051518
0.01920529084471013 0.03519261479436128
0.019185046896405333 0.035111433387338874
0.019164867832550232 0.035025230535871865
0.019144753341699464 0.0349375459419448
0.01912470311439774 0.03484487761313955
0.019104716843163966 0.034747250194236044
0.019083044444055768 0.03464643664641281
0.019061440955596566 0.03454245260393764
0.019039906049640405 0.034437056091474676
0.019016697919746015 0.034328514377331525
0.018991824491635098 0.03421337022480222
0.01896529364513821 0.03409512326221253
0.018938846492163396 0.03397378878913533
0.018912482637308187 0.03384938204185633
0.018884473860608902 0.033720194301270434
0.01885482790478377 0.03358797035260838
0.018826997297811638 0.0334561608990832
0.018799253797590593 0.03332476399470834
0.018771596995807736 0.03319377770565964
0.01874402648669815 0.033063200110180525
0.018716541867025045 0.032933029298487945
0.018689142736060097 0.032803263372679324
0.018661828695563983 0.03267390044664029
0.018634599349767085 0.03254493864595332
0.01860745430535036 0.032416376107807184
0.018580393171426422 0.032288210980907235
0.01855341555952077 0.03216044142538661
0.018526521083553193 0.03203306561271814
0.01849970935981936 0.0319060817256271
0.01848141996149525 0.03179970484702472
0.018463186665619982 0.031695337427807876
0.018445009214448773 0.03159128966378006
0.01842688735181326 0.03148923822489476
0.01840882082310945 0.031387498393456434
0.01839080937528584 0.03128606874443103
0.018372852756831558 0.0311849478614605
0.018354950717764672 0.031084134336796874
0.0183371030096206 0.03098362677123693
0.018314314507111552 0.030876773062218185
0.018291594956198594 0.030771902618824228
0.01826894404441226 0.03066734900456439
0.018244704006123717 0.03056973193889709
0.01822053697999869 0.030480675628990983
0.01819479015845969 0.030395189629489706
0.018167470653717255 0.03031490732090167
0.018140233066530273 0.030234865738876116
0.01811307702900553 0.03016328569121218
0.018086002175449464 0.030091919634722127
0.01805900814235178 0.030032245445051804
0.01803209456836914 0.029972749121818652
0.01800689636314324 0.02992651154774368
0.017981773041142377 0.02988041138102109
0.017956724269058432 0.029844230429718704
0.017930121714585752 0.0298114125416386
0.017903597865895536 0.029783568098060337
0.0178771523742177 0.029760674707350346
0.017850784892839797 0.029741089676565174
0.017824495077091874 0.0297247981541079
0.017798282584331443 0.02971016998133501
0.01777214707392861 0.029700423517177606
0.01774769949853658 0.02969714667780399
0.017721714579797872 0.029697094673474814
0.017695805640353723 0.029700252941858223
0.017669972347448097 0.02970500453992018
0.017644214370265227 0.029714542219136563
0.017618531379915495 0.029724052132183463
0.017591325810095034 0.029736724425626783
0.017564199211449666 0.029750952432528826
0.01753396603671764 0.029763549008744273
0.017502230085743694 0.029779284765742434
0.01746899788879433 0.029794975043674125
0.01743427594227252 0.029812203066890624
0.01739807070896139 0.029832542496299845
0.017361969663372025 0.02985440142182032
0.017324393582929698 0.02987777313818913
0.017285348846879017 0.02990265097486354
0.017244841801707652 0.02992902829577459
0.017202878761380155 0.029958466683043087
0.01715946600756971 0.029989386730811564
0.017116177113256588 0.030026470900603196
0.017073011549126695 0.030068129993010225
0.017028405924465924 0.030109670567373417
0.016982366424884873 0.030154203643105507
0.016938015915647593 0.03020016312301229
0.016893791045246683 0.03024599240609214
0.01684969128056119 0.03029169204480684
0.016805716091482154 0.030344990133967964
0.016761864950891353 0.030399680529896334
0.016718137334640244 0.030454216868371384
0.016674532721529082 0.030508599799424566
0.01663105059328621 0.030562829969435462
0.016587690434547525 0.030616908021157407
0.01654445173283612 0.030670834593742875
0.016501333978542088 0.030724610322768665
0.016458336664902512 0.030778235840260862
0.01641545928798159 0.03083171177471961
0.016372701346650982 0.030885038751143654
0.01633006234257025 0.030938217391054693
0.01628754178016752 0.03099124831252154
0.016245139166620275 0.031044132130184036
0.01620285401183632 0.03109686945527683
0.01616068582843489 0.03114946089565291
0.01611863413172794 0.031201907055806957
0.016073667706946244 0.031239112753585544
0.016028825156612983 0.03127621595632893
0.01598410596955437 0.03131321708698774
0.01593950963740525 0.0313501165661887
0.01589503565458988 0.03138691481225055
0.01585068351830277 0.03142361224119992
0.015806452728489767 0.0314602092667869
0.01576234278782926 0.03149670630050069
0.01571835320171353 0.03153310375158498
0.015674483478230267 0.03156940202705324
0.015630733128144236 0.031605601531703886
0.015587101664879094 0.03164170266813538
0.015543588604499337 0.03167770583676109
0.015500193465692425 0.03171361143582413
0.015456915769751027 0.03174941986141203
0.015413755040555414 0.03178513150747132
0.015370710804556013 0.031820746765821945
0.015332224605485278 0.031840019500658456
0.015293842003181894 0.03185924035733928
0.015254085841097784 0.031879883347853945
0.015214436406965577 0.03190047092094441
0.015174893271584396 0.03192100329946895
0.015135456008051624 0.03194148070509249
0.015096124191747549 0.03196190335829458
0.015053963780496884 0.031983735291021526
0.015011915797009553 0.032005509005261196
0.01496997979217332 0.03202430475360906
0.014928155319264842 0.03204305051326452
0.01488644193393381 0.032061746483385695
0.014844839194187213 0.03208039286207419
0.014803346660373718 0.032098989846382056
0.014761963895168196 0.032117537632318734
0.014720690463556346 0.03213603641485796
0.014679525932819463 0.03215448638794457
0.014638469872519305 0.03218877038209126
0.014597521854483092 0.03222296415520073
0.014556681452788631 0.03225706806294065
0.014517390004975792 0.0322925196189871
0.014479641469468098 0.03232931333807358
0.014441991752116181 0.032367443760252496
0.01440587666628867 0.03240690545073241
0.014369855875724417 0.03244626410807791
0.014333929011602313 0.03248552013528692
0.014298095707022195 0.03252324856724978
0.014262355596992349 0.03255945517156021
0.014226708318417125 0.03259698958806827
0.014191153510084641 0.03263442663903415
0.01415569081265457 0.03267176670282137
0.014121741247066126 0.03271042630214163
0.014087879406453362 0.03274898600585642
0.014054104951235727 0.03278885849871673
0.014020417543583087 0.03282862822742019
0.013986816847404457 0.0328682955887396
0.013954714809447981 0.03291067408965728
0.013922695190074191 0.03295294378826195
0.01389075767228854 0.03299510510302404
0.013858901940720009 0.033042760611100994
0.013827127681610731 0.03309029423808312
0.013795434582805695 0.033139102885014426
0.01376522384042406 0.03319057566917467
0.013733690346763985 0.0332391322158194
0.013702237091001266 0.0332903467621945
0.013670863767273521 0.033342819833057195
0.013639570071270974 0.033396546410579375
0.013608355700226607 0.03345152149912082
0.013578611215233415 0.03350774012509204
0.013548941937534769 0.03356519733681821
0.013519347582254555 0.03362113046646414
0.013491213496621841 0.03367692252894828
0.0134645341899817 0.03373119830821884
0.013439304195968112 0.033783963295152576
0.013415518072351047 0.033833849981548925
0.01339317040088476 0.03388224000904341
0.013370878738620143 0.03392913878695851
0.013350018200331949 0.033977288427894305
0.013330583429257652 0.03402531769472776
0.013311197184453203 0.03407186219796192
0.013291859284398891 0.034116927278651656
0.013272569548479208 0.034160518254453064
0.013254694585537612 0.034202640419772
0.013236864032441835 0.034244657933748535
0.013219077723894683 0.03428521398403175
0.013201335495418279 0.0343243138047488
0.013183637183348994 0.034361962607313876
0.013165982624832415 0.03439816558057134
0.013149728325295585 0.034435630248098203
0.013133514110344543 0.03447300252433647
0.013117339831883528 0.03451028275063327
0.013101205342545417 0.03454747126665626
0.013085110495687254 0.03458456841040402
0.013069055145385797 0.0346215745182162
0.013053039146433118 0.03465848992478375
0.01303706235433222 0.03469531496315896
0.013023811420719475 0.03473606242551559
0.013011934595240754 0.034779381100101196
0.013000086737629053 0.03482259411938293
0.01298826774203346 0.03486570186943378
0.012976477503118148 0.034908704734448
0.012964715916059253 0.0349516030967526
0.012952982876541761 0.03499439733681858
0.012941278280756434 0.035037087833272286
0.012932262750396216 0.035083645554620194
0.012923269023011476 0.035130090681720585
0.012915624146233467 0.035173783162522
0.012907997713066504 0.035217370233237046
0.012900389656846933 0.03526085227486603
0.012892799911231979 0.03530422966657532
0.0128891905212478 0.035340929834407196
0.012884270703484583 0.035377541886590015
0.01288068019597968 0.03541275412207052
0.012878414194167409 0.03545181278679964
0.012876153613412107 0.03548816082090956
0.012873898434283458 0.035524422001891376
0.012872959800575737 0.03556190220769105
0.012873332969950415 0.0355979890576255
0.01287370525082658 0.03563398998648867
0.01287407664637367 0.035667302921073826
0.012875752021600536 0.03569923680950175
0.01287872669509875 0.035729796381356156
0.012884297642261703 0.0357576889848976
0.01289115545088397 0.03578292341498206
0.01289929550433274 0.03580421334419585
0.012907416336876082 0.035825453002030154
0.012918108633998473 0.035841472869254445
0.012930069434064604 0.035854872342082476
0.012943294194504974 0.03586566013430712
0.01295648787442727 0.03587642257331855
0.012970939585145332 0.03588715974838864
0.012985357411430294 0.035897871748370634
0.013001027384062527 0.03590855866170162
0.013016660701788018 0.035919220576404925
0.013032257493070225 0.035929857580092574
0.013049099221858209 0.03594046975996765
0.01306590169253713 0.035951057202826694
0.013082665042213306 0.03596161999506209
0.013100666196627895 0.03597088295678515
0.013118625536514227 0.03597885049419739
0.013137816954361631 0.03598679954544395
0.013156963896153768 0.03599218790876844
0.013176066516321387 0.035996293965796636
0.0131938556392375 0.03599531599747457
0.013211603678728865 0.0359930728676078
0.013229310776952661 0.03598830271464369
0.013246977075410964 0.035983543552815446
0.01326460271495452 0.03597879534417898
0.013282187835786479 0.035974058050964666
0.013298471912971996 0.03596555012879222
0.013315977860134597 0.03595706172020273
0.013332185925660642 0.03594481920437915
0.013348356901791892 0.03593009152552991
0.013364490915691984 0.03591037615913282
0.013380588093943902 0.03589195979441753
0.01339790060220481 0.03587358542825348
0.013413923060589967 0.03585775501694188
0.01342865979662952 0.035844459636727354
0.01344211512118587 0.03583119447328605
0.013455539900170014 0.03581920599534386
0.013468934237478457 0.03580848979131213
0.01348354191562328 0.035797797859543214
0.013498116544722527 0.03578713011766518
0.013512658236806861 0.035776486483678385
0.01352716710340116 0.03576710627214418
0.01354164325552738 0.035756509212129764
0.013556086803707368 0.03574593601936764
0.013570497857965692 0.03573662182706731
0.013584876527832425 0.03572732856553618
0.013597990409850814 0.03571928853105047
0.013611074888546291 0.0357112665235479
0.0136229002423199 0.03570449201201086
0.013633470631187711 0.03569773265598063
0.013644017399074813 0.035693441725915535
0.013653314795165872 0.035690385538290965
0.013662591461276795 0.03568733616490858
0.013670624307838723 0.03568918241221327
0.013677417429485781 0.03569346565889727
0.013682974905595327 0.035698958427159026
0.013689739240515357 0.03570443900281643
0.013696488576910068 0.035709907426421376
0.013703222964608443 0.035715363738346134
0.013709942453218991 0.03572080797878433
0.013717860845728019 0.03572381547275384
0.013725761758341882 0.03572439388004921
0.013733645248877215 0.03572497101191503
0.01374151137489595 0.03572675547803024
0.013749360193706725 0.0357273287420614
0.013755984677745007 0.03572790074617161
0.013763800378070082 0.0357284714945099
0.013771598938701463 0.035727837590861546
0.013780583479071629 0.03572720507583016
0.01378954835961604 0.03572777471194233
0.01379969402030514 0.03573194088294691
0.013809817528896666 0.03573609795750824
0.013819918957862038 0.03574144240585826
0.013831194771424693 0.0357491651621359
0.013842446045676004 0.03575567749072194
0.013853672860635463 0.035762175662071925
0.013866067727677355 0.035771041667951205
0.01387962678007614 0.03577869881654207
0.013893156452079695 0.0357887159312945
0.013907845264430662 0.03579989818246681
0.013922502317187354 0.03581342696385957
0.01393712771324263 0.03582692652542211
0.013951721555045359 0.03584039696171699
0.013966283944602824 0.035853838366899156
0.013981996941259612 0.03586607064562182
0.013997676146525742 0.03588063433353861
0.014013321669288615 0.03589398920640352
0.014028933617968304 0.03590731542074297
0.014044512100520063 0.03592061306870656
0.014058881594057378 0.035931534378070375
0.014073220350710122 0.03594125947042862
0.014088701587342652 0.035950963782675
0.014104149779713429 0.03596064738134133
0.014119565033507721 0.035969141112360034
0.014134947453960598 0.035977616752364855
0.01415029714585932 0.035986074359093075
0.01416561421354572 0.03599451399003653
0.014180898760918556 0.036001771334706056
0.014196150891435886 0.03601017642032873
0.014211370708117373 0.03601856369856661
0.014226558313546623 0.036026933225951074
0.014240553092352993 0.03603528505877447
0.014254518315132317 0.03604361925309139
0.01426961234416568 0.03605193586471986
0.014284674562811194 0.036059079170098166
0.014298549241233891 0.03606620743693883
0.014312394740522155 0.03607332071268203
0.01432621115262704 0.036081571181551995
0.014339998569113655 0.03608980433569191
0.014352606027677852 0.03609916984030128
0.014365187083187464 0.036108515731288426
0.014376593106537914 0.03611898916254703
0.014387975292848968 0.03612944070575703
0.014400480030580188 0.03613872573188153
0.014411813571117869 0.036149134897973945
0.014423123500112765 0.03615952237830367
0.014434409891274164 0.036169888240568195
0.014445672818004874 0.03618137237472588
0.01445691235340281 0.03619283265813764
0.014466989327941167 0.03620313170726251
0.0144770454175582 0.03621340941120785
0.014487080687113916 0.0362248009390433
0.014497095201200022 0.03623503497738401
0.014505954429184467 0.036245247871017405
0.014514795371868635 0.03625657127393716
0.014523618085805 0.036267871329634396
0.014532422627313073 0.03627914811024265
0.014540079069359729 0.03629040168759864
0.014548848595383145 0.03630163213324371
0.014556472451339285 0.03631283951842545
0.01456408066861654 0.03632402391409912
0.014571673295284622 0.0363351853909292
0.014579250379216431 0.03634520169658281
0.014586811968089076 0.036355197518993784
0.014594358109384862 0.03636517292092996
0.014600768037511907 0.036375127964903
0.014608284567847433 0.03638506271316968
0.014615785789567206 0.03639497722773316
0.014623271749391311 0.03640375598511393
0.014630742493849921 0.03641474568970249
0.01463819806928425 0.03642571308017006
0.014645638521847514 0.036436658224409495
0.01465306389750589 0.03644869202658413
0.014659362504567005 0.03646070146883533
0.014665648374303428 0.03647268662505569
0.01467192154531311 0.03648464756883924
0.014678182056038212 0.036496584373482965
0.014684429944765884 0.036508497111988295
0.01469066524962905 0.0365203858570626
0.014696888008607177 0.036532250681120655
0.014701994292687516 0.03654409165628614
0.014707090323185363 0.03655590885439305
0.014712176130954028 0.03656770234698721
0.014717251746723156 0.03657947220532767
0.014722317201099353 0.03659121850038818
0.014727372524566797 0.03660294130285856
0.014732417747487852 0.03661464068314619
0.014737452900103675 0.03662631671137735
0.014742478012534822 0.03663796945739868
0.014747493114781842 0.03664850696321826
0.014752498236725885 0.036659023498877
0.014757493408129282 0.03667060898344151
0.014762478658636148 0.036682171458106184
0.01476745401777296 0.03669371099135288
0.014772419514949146 0.03670522765139195
0.014777375179457654 0.036716721506163605
0.014782321040475544 0.03672819262333928
0.014787257127064543 0.03673964107032291
0.01479218346817163 0.03675106691425228
0.01479818337369995 0.036763551365429775
0.014804171456754325 0.03677601121670347
0.01481014775224363 0.03678844654071088
0.014816112294939447 0.03680085740980382
0.014822065119476724 0.03681324389604983
0.01482800626035446 0.03682560607123352
0.014833935751936356 0.03683794400685803
0.014839853628451492 0.03685025777414635
0.014845759923994973 0.036862547444042715
0.014851654672528592 0.03687588460294048
0.014857537907881484 0.03688919571269977
0.01486340966375076 0.036902480849561964
0.014870340535712663 0.03691574008947121
0.014877257910358184 0.03692897350807587
0.01488416182707638 0.03694218118072993
0.01489105232510319 0.03695536318249448
0.01489792944352218 0.03696958370379398
0.014903727851117104 0.036982713555678226
0.014909515021488007 0.03699475579100047
0.014915290987269614 0.03700783585412288
0.014922118060102685 0.03702089061731662
0.014927870687748855 0.03703286106155906
0.014933612209936248 0.03704375021205057
0.01493934265879252 0.03705356108484537
0.014944003832212317 0.037062296686897075
0.014948656033209749 0.0370710154735454
0.014954355486710402 0.03707971749329633
0.014958988805809184 0.03708734936480424
0.014963613231781098 0.03709496658780638
0.014967175583359523 0.037100466075899306
0.014969678869295608 0.03710385351940369
0.014972177364253823 0.037107234479762614
0.014974671081975026 0.037110608975570177
0.014977160036147573 0.03711397702534946
0.014977547671399909 0.03711210333674436
0.014977934567595518 0.03711023322047216
0.014978320726845993 0.0371083666663262
0.014978706151254888 0.037106503664138646
0.014979090842917759 0.037104644203780346
0.0149794748039222 0.037102788275160614
0.014979858036347885 0.037100935868227075
0.014980240542266602 0.03709908697296544
0.01498062232374229 0.037097241579399386
0.014981003382831082 0.03709539967759031
0.014981383721581332 0.03709356125763721
0.014981763342033657 0.03709172630967646
0.014982142246220978 0.037089894823881676
0.01498252043616855 0.03708806679046351
0.014982897913893999 0.03708624219966948
0.014983274681407357 0.03708442104178382
0.014983650740711105 0.03708260330712726
0.014984026093800198 0.03708078898605691
0.014984400742662106 0.03707897806896606
0.01498477468927685 0.037077170546284
0.014985147935617036 0.03707536640847588
0.014985520483647888 0.03707356564604251
0.014985892335327279 0.03707176824952023
0.014986263492605774 0.03706997420948072
0.014986633957426661 0.037068183516530843
0.01498700373172598 0.03706639616131246
0.014987372817432563 0.03706461213450231
0.014987741216468065 0.0370628314268118
0.014988108930746993 0.037061054028986885
0.014988475962176753 0.03705927993180789
0.01498884231265766 0.037057509126089336
0.014989207984082998 0.037055741602679805
0.014989572978339027 0.03705397735246178
0.014989937297305038 0.03705221636635146
0.014990300942853366 0.03705045863529865
0.014990663916849436 0.037048704150286556
0.014991026221151785 0.03704695290233169
0.014991387857612103 0.03704520488248365
0.014991748828075257 0.03704346008182501
0.014992109134379324 0.03704171849147118
0.014992468778355625 0.0370399801025702
0.014992827761828758 0.03703824490630265
0.014993186086616617 0.03703651289388146
0.014999585076726652 0.037090928130152835
0.015005972347074579 0.03714424660398605
0.015012347929828092 0.03719945968168522
0.015018711857037265 0.03725457182139957
0.015026067214145122 0.03731057724771683
0.015033409149068479 0.037367473301771065
0.015041738872550075 0.037426248820571655
0.015049053161272837 0.037482935891309896
0.015056354139188096 0.0375385296836188
0.015063641842598055 0.03759303296620568
0.015069918720394664 0.03764545954984766
0.015076184206398537 0.03769581426499283
0.0150824383315937 0.03774508990832774
0.015088681126851916 0.03779230194670069
0.015094912622933193 0.03783844196621105
0.015101132850486294 0.03788252662779262
0.015107341840049237 0.037925546290891454
0.01511353962204979 0.03796750365495702
0.01511972622680598 0.03800741729261628
0.015125901684526571 0.0380452920197985
0.015131077369485492 0.03808211569448859
0.015136243745658515 0.03811690865813544
0.015141400838136709 0.038150657493950704
0.015146548671921044 0.03818336485125518
0.015150702117657925 0.038214053045912945
0.015154848119943665 0.03824370664066149
0.015158986698769628 0.038271349231714775
0.015163117874055651 0.03829796407065857
0.015167241665650368 0.0383235537671656
0.015170377294456104 0.03834714393904967
0.015173507328919636 0.03836873938333008
0.015175652693243802 0.03838834489839126
0.01517779423679446 0.03840694045393173
0.015178954583412084 0.03842355419232349
0.015179136314254025 0.03843721699173462
0.015179317722305838 0.038447935680903995
0.015178523955549042 0.03845766271260526
0.015177731596180112 0.038465428636885096
0.01517694064045931 0.03847220958230372
0.01517615108466014 0.03847703750929008
0.015174391489453482 0.0384808871071322
0.015171664397490372 0.038483760877472815
0.015168942119458352 0.038485661315440164
0.015166224642622158 0.03848755840166506
0.0151635119542914 0.03848945214500675
0.015157902333138405 0.03848941089313719
0.01515230257939289 0.038487439425757435
0.015146712667042359 0.03848450701094324
0.015141132570165665 0.03848061610534352
0.015134598380170472 0.03847576915929874
0.015129038681611593 0.03847093070921548
0.015124450895939773 0.03846802302152545
0.015119871137889426 0.03846512042165291
0.015116259859519535 0.038464141528141434
0.01511265488905946 0.03846412270586462
0.015110014983734987 0.03846410391643646
0.01510737968155842 0.03846408515977103
0.015104748970500629 0.03846406643578272
0.015102122838574355 0.03846404774438621
0.015099501273834042 0.038464983199548594
0.015096884264375639 0.038465917029245886
0.015094271798336436 0.03846780161263584
0.015091663863894872 0.03846873137808987
0.015088108322143433 0.038469659532165294
0.015084558937174248 0.03847058607904751
0.015081966172857671 0.038470561861004386
0.015079377890415455 0.03847053768482477
0.015075845239977043 0.038468618267551484
0.015072318685570449 0.03846670216247366
0.015068798211430073 0.03846384323937429
0.015065283801844631 0.03846004386150476
0.01506177544115693 0.03845530638624899
0.015057328331959368 0.03845057705798421
0.015052888863842902 0.03844491277378295
0.015048457017130928 0.038438315875325174
0.015044032772214345 0.038430788698520416
0.015038674545609608 0.03842327442176159
0.01503332549405043 0.03841389286751725
0.015027985593990923 0.03840264860108329
0.015022654821965707 0.038390484897841665
0.015017333154589552 0.038377404063505455
0.015012958115587678 0.03836340839817539
0.015008590536157844 0.0383475637539046
0.015004230397238114 0.038331746102213494
0.014999877679831438 0.03831502048504402
0.014995532365005384 0.03829738918029536
0.014990260869643857 0.038277921051663506
0.014984998324189565 0.03825848597588161
0.014979744705869208 0.038239083868845745
0.01497449999198668 0.03821971464673706
0.014969264159922753 0.0382003782260206
0.014964037187134738 0.038181074523444096
0.014958819051156168 0.038161803456036786
0.014953609729596482 0.03814256494110821
0.014948409200140695 0.03812335889624702
0.014943217440549082 0.03810418523931982
0.014938034428656865 0.03808504388847001
0.014932860142373895 0.03806593476211658
0.014927694559684335 0.03804685777895298
0.014922537658646354 0.03802781285794596
0.014917389417391813 0.03800879991833442
0.014912249814125955 0.03798981887962826
0.014908039870815197 0.03795705381715031
0.0149047572316292 0.03792434363752408
0.0149014800864 0.037891688202968364
0.014898208421346766 0.03785816856512382
0.01489586014646445 0.037824704933357545
0.014893515791907478 0.03779221444455127
0.014891175347866867 0.037757945131958945
0.014888838804566321 0.0377237329348876
