0.07130746478529032 -0.012087323387213394
0.06200293997718884 0.00933610134162792
0.057439966975050764 0.015013238907537448
0.052964930526571335 0.021419168454271963
0.05006046242549467 0.02482385276765517
0.047575443915780335 0.02709364230991064
0.045643632718219584 0.028871667862942412
0.04378311938725079 0.0296565033009757
0.04221406475766467 0.030754649732104296
0.041178393306670676 0.03130397000712962
0.04003159917322425 0.03215242337870652
0.0389844341641532 0.03313370202022179
0.038013901846861146 0.03430141886257201
0.03710357638681518 0.03545892187213507
0.036314627654775354 0.03660822142526522
0.03569293305381168 0.03706569302849176
0.03514437899413785 0.037598364968845846
0.034656775385538886 0.03813276832059066
0.03416270012346936 0.038437768255132725
0.033718032387606775 0.038602579599011394
0.033315713959921577 0.03885615995510085
0.032900050407578714 0.039136538854097666
0.03252053151196131 0.03948789043871309
0.032172639190978694 0.039901324187443084
0.031808646738945304 0.04032552965980355
0.03151489554930812 0.04075925929292566
0.03124290370705147 0.04103906528099414
0.030951115285019058 0.04137718655654631
0.030679450202437158 0.04172978357600948
0.03042589612536072 0.04209540462911208
0.0301887003758376 0.04250812907959729
0.029966329360659672 0.04292929347569568
0.029757435376704652 0.043258533174306404
0.029560829274158745 0.043632852485495796
0.029375457806044038 0.043985782121760075
0.02920038475282459 0.04434953212966298
0.029005090145901292 0.04475281920103254
0.0288489779812761 0.04516369572947826
0.028672708912439854 0.04555350166672163
0.028505253297045417 0.04592381730710284
0.02834596624825559 0.046302771906509256
0.028194264297027184 0.046689744884387235
0.028049618250507075 0.04708417332829913
0.027911547024283334 0.04746067320657867
0.027779612297002872 0.04784475927481764
0.027653413862212862 0.048212145948785354
0.02753258557358413 0.048587180488230214
0.027416791796981598 0.04894658858853154
0.027305724296975083 0.049313654830847514
0.02719909949696883 0.04966603842347086
0.027075118872986866 0.050047498078837745
0.026955906734542665 0.0504353165179202
0.02684119316736051 0.05082913063617246
0.026730728250814732 0.05120835904634131
0.026624280240325166 0.051593674370856143
0.02652163394449594 0.051984747429709474
0.026422589273081772 0.05238127209815555
0.026326959935164648 0.05280180001490766
0.02623457226971929 0.053208072748041055
0.02614526419312211 0.05361900880251348
0.026058884250183854 0.05401647154372452
0.025975290757017797 0.054401112906186815
0.025894351025539556 0.05477354343174554
0.02583310310790085 0.055134335503380566
0.025773739741574108 0.05548402628050374
0.025716175265136053 0.05585621322269127
0.025660329131278237 0.05621729010690305
0.025606125530769182 0.05656774708275566
0.025553493049115462 0.0569396888325574
0.02550236435265185 0.05731659493792096
0.02545267590115904 0.057682883969894
0.025404367684429923 0.058023840134465966
0.025372428783138334 0.058340501818309076
0.025341353095395168 0.058648605078264526
0.025311106092658485 0.058948492251287836
0.02528165506367803 0.059240487656600005
0.02526723247594687 0.05953907519117761
0.025253179698157532 0.05981601195866267
0.025239482686894507 0.06008593766874305
0.02523985597088605 0.06034911523607143
0.025240220037988908 0.060592315843834496
0.025253967525810463 0.06082958472945701
0.025267383748865235 0.061074290251451654
0.025280480538037747 0.0613001720873258
0.025293269167465028 0.0615207390564735
0.025318529049987198 0.06173617656122241
0.025343208245554832 0.061921556554959935
0.025367326550314116 0.062102723367021606
0.025378564611988747 0.06221843099092762
0.025401754105904114 0.062331567334302396
0.02542443394061255 0.062442217164635966
0.025446620735436017 0.06255046156387532
0.025468330394886936 0.0626563781265719
0.025489578146689965 0.06276004114538132
0.025510378577402404 0.06286152178484737
0.025530745665808333 0.06296088824432457
0.025550692814247128 0.06305820591082284
0.02557023287802391 0.06314238202178679
0.02560046949378892 0.06323590040434103
0.02563010137723863 0.06330568196940888
0.025659146490719043 0.06338490754184335
0.025687622092170424 0.06345185998664023
0.025726204671090862 0.06351751238396533
0.025764045277339755 0.06357138708072704
0.025801165110136286 0.06361381900539519
0.025847942100328106 0.06365545032771111
0.025893844754254658 0.06368608008597564
0.025949062397712712 0.06370601239353785
0.026003266873400894 0.06372557897068606
0.026056485813167475 0.06369503850078864
0.02610874585311844 0.06365518368339719
0.02616007267807028 0.06361604055917343
0.026210491063642444 0.0635678989431213
0.026260024916134394 0.06351099441209623
0.026308697310322135 0.063455079525089
0.02635653052529974 0.06340012868785774
0.02641292853460742 0.06334611718117747
0.02646837064545226 0.06329302112376295
0.02652288095611483 0.06324081743706128
0.02658562999425433 0.06318948381180463
0.026647341858209706 0.06312994584439093
0.026708042052264173 0.0630713839092299
0.02675883112187421 0.06298705083004175
0.026808801012942144 0.06290407796180823
0.026857971385752993 0.06282243265946647
0.02689764899576864 0.06270728653495304
0.026936701761532074 0.0625939537352351
0.02698372047913181 0.062482391760512755
0.027030010224365658 0.06237255942880936
0.02707558781967283 0.06226441682528601
0.02712046957383028 0.06215792525387753
0.027164671301409583 0.06204474116331976
0.02720820834135611 0.06193325908916136
0.02725109557473628 0.06182344092655756
0.027293347441696 0.061715249699696044
0.02732690628585797 0.06160864952028837
0.027359975219886194 0.06149560183046517
0.027392564894000968 0.06138419251295826
0.027424685651941425 0.06127438620721404
0.027456347541911303 0.06116614856298045
0.027479774339986184 0.061059446204480665
0.027502871183158598 0.0609542466961006
0.027525644993559372 0.060842849836218994
0.02754810250103791 0.060733000154946856
0.02757025024979261 0.06062466564169227
0.027599613948408583 0.06055536287014955
0.027628578140920936 0.06047954611870794
0.027657150925426366 0.0604047539179615
0.027677972235124644 0.060323608059255546
0.02769851592736028 0.06024354414533234
0.027711516667715347 0.060142755745250874
0.02771712285963011 0.06004329350832838
0.027722655767990434 0.059937963270214396
0.027728116820398024 0.059834000957270726
0.02773350740761326 0.059731380093526326
0.027738828884735993 0.05963007488188122
0.02773708869479737 0.05953006018248636
0.027735370532579483 0.05942436950201953
0.027733673982464967 0.05932690659368538
0.02773886138156681 0.059264927805026305
0.02773716422431715 0.05919690975015517
0.02773548801962613 0.059129731424356534
0.027733832381863832 0.059063377372494064
0.027732196934805952 0.058997832516386024
0.027730581311348774 0.058926437321136726
0.027728985153234454 0.058855902308962725
0.027727408110786174 0.05878621202747344
0.027725849842652753 0.05871735139219236
0.02772431001556233 0.05864930567567201
0.027722788304084738 0.058575610442371064
0.027721284390402206 0.05849636415752112
0.027719797964088074 0.05840528606746999
0.027724675766831842 0.05833427930415809
0.0277294975028774 0.05825778629512862
0.02772798962608594 0.058163364631343355
0.02772649888425802 0.05806378277033842
0.027725024986970524 0.05796532612810191
0.02772356765032671 0.057861812055366134
0.027728260891602872 0.05775945456444863
0.027732901985753743 0.05765823437898577
0.027737491797096316 0.057552070598003456
0.02774203117095161 0.05744707345197699
0.027740520722281774 0.057325233440584815
0.027739026691532262 0.057198752636738466
0.02773754881246653 0.05707363919293369
0.027736086824573545 0.05694987105497629
0.027734640472914712 0.05682742664041949
0.027733209507975653 0.05671212304854071
0.02773179368552272 0.05659803960049133
0.02773039276646403 0.05648515703084248
0.0277347554108216 0.05636770995493679
0.02773907261096711 0.056257202878959044
0.027743345073287278 0.056147840954027695
0.027747573489604146 0.056039606471621414
0.02775175853754853 0.05593248208647058
0.027755900880922058 0.05582645080729067
0.027765574621226898 0.05572149598779787
0.027775150646983205 0.055617601317996916
0.027779112994680572 0.055498203071412636
0.027783035718900968 0.05537999880729419
0.027781456531565 0.0552356580870557
0.02777989297974721 0.055087310004477294
0.02777834483238083 0.05494042347936271
0.027776811862929806 0.05479497701821984
0.027780650135982632 0.05465094954694178
0.02778445114424854 0.05450832040062758
0.027798823486887288 0.05437767933137031
0.027813057633923742 0.05424829442624051
0.027827155569026832 0.05412540142821429
0.027835891150702778 0.0539670713627175
0.02784454393065668 0.053815447727333356
0.027858293846410514 0.053665254503603786
0.02787191465497417 0.05351647154488575
0.027885408166261533 0.053369079081109015
0.027898776156513663 0.05322305771001857
0.02791710288841742 0.05307838838866044
0.02793526071034971 0.05293505242510285
0.027958287485138462 0.05279303147038524
0.027976091424693653 0.05264729200099485
0.027998723271010037 0.052502877435871634
0.028021150304237585 0.052364739910354854
0.028043375292120743 0.05222289913451492
0.02806540095275831 0.052082330473256506
0.028087229955711612 0.0519381131080569
0.028108864923083107 0.051800059661682815
0.02813030843056636 0.051663227927223554
0.028151563008468265 0.05152760175870666
0.028177445475680487 0.05139798282246963
0.02819830858545611 0.05125030868831313
0.028218990276885857 0.05110391867706234
0.028244244715223386 0.05096830708395187
0.02827401241630953 0.05085753569740991
0.028308234905863386 0.05074771513822024
0.028342164895506526 0.050638833216288606
0.028375806119280363 0.050535551007025066
0.02840916224793747 0.050428490813801304
0.028442236890276796 0.050326967705048374
0.02847964457663918 0.05024475156372661
0.028521330540842313 0.05016322342358746
0.02856266912201042 0.050082374684616134
0.02860366464441365 0.05000219688953668
0.0286443213608466 0.049922681720862845
0.028684643454099035 0.049839302897818044
0.028720137809797496 0.04973860635072132
0.028759821288211335 0.04963873181625396
0.02879918213671937 0.049539669269871696
0.028838224273903455 0.049441408849371066
0.028876951555142506 0.04933951250646384
0.0289197743247248 0.04925607533912366
0.028962254512150433 0.04917330566912221
0.029013137940917588 0.04911306447336019
0.02906361753294849 0.04905765688166911
0.02911369807682105 0.049002687294655435
0.029163384285702487 0.04894815053903557
0.02921268079882799 0.04889834544861722
0.029265877095194785 0.048848929460467774
0.029318659412601526 0.048799898032537384
0.029371032564757055 0.0487512466931956
0.02942300129102721 0.04870297103987191
0.029478788851742068 0.04868038627690596
0.02953835094707268 0.04865797457725777
0.02959745836991985 0.048635733959286276
0.02965194623572582 0.04861366247148947
0.029710175589882277 0.04859175819193355
0.029767965477214917 0.048570019227695035
0.02982532085411648 0.04854844371431545
0.029882246602726648 0.048527029815268304
0.029938747532317334 0.048505775721437924
0.029994828380647126 0.04849283416014273
0.030050493815285587 0.04847592650427883
0.030105748434908264 0.048459143628163004
0.030160596770563125 0.04844248415554803
0.030219060211017147 0.04842996405143624
0.0302770969110299 0.04842153759874673
0.03033471152595165 0.04841317242934951
0.03039588150339477 0.04840884073685278
0.030456609820350932 0.04840454032011415
0.030516901242940507 0.04840421471094387
0.03058069020253848 0.04841960611043542
0.03064402352671075 0.048442714169305845
0.030706906079892474 0.04846955643117574
0.030769342657519717 0.04849232347430687
0.030831337987248533 0.04851492961960668
0.030892896730148275 0.04853737656670015
0.03095402348186977 0.04856350994630733
0.03101088922249349 0.04858946057500816
0.031071178880153004 0.04861523036309087
0.031127242930222794 0.048640821194311894
0.031186712750432315 0.04866623492635492
0.031245772433950738 0.0486914733912804
0.0313006585262748 0.04871653839596585
0.031355168686459656 0.04874143172253701
0.03140930676363983 0.04876989367026305
0.03146680579155526 0.04881306054853687
0.03152391499555261 0.048852223486616296
0.03158063832654998 0.04889482055552221
0.03163328811434023 0.04892607044572342
0.031685584547850004 0.048960785490436885
0.03173753117243998 0.048998930446261406
0.03178913148619935 0.04903682110238044
0.03184038894073109 0.04907082220758959
0.031891306941921556 0.049104598139916564
0.031941888850694926 0.04914176490276163
0.03199213798375268 0.049178687147430074
0.032038462501886314 0.04921536727901873
0.03208448424539162 0.04925180767118524
0.032130206172978334 0.04928801066666011
0.03217563120493136 0.04932397857774878
0.03222076222373259 0.049359713686823924
0.032262064589891615 0.049395218246808266
0.032303101345978885 0.04943049448164802
0.03234387504593739 0.04946554458677725
0.03238438821107187 0.0495003707295734
0.032424643330568555 0.04953497504980396
0.03246464286200494 0.0495693596600648
0.03250091857154572 0.049603526646210074
0.03253696541225658 0.04963747806777399
0.03257278554327744 0.049667772645454994
0.03260838109667434 0.04970130980732495
0.03264375417786251 0.04973463736193322
0.03267548993640103 0.049767757268226166
0.03270702857842688 0.04980067146081544
0.032738371934743604 0.049836771412586175
0.032769521813552194 0.04986926942452872
0.03280048000079888 0.04990493615209252
0.032827883421448906 0.049933666880982844
0.032851764380693635 0.04996222188676068
0.032875499724333214 0.04999060277664963
0.03289909078016951 0.050018811138332564
0.03292253885990983 0.050046848540247726
0.032945845259410036 0.05007140802485509
0.032965706632668235 0.05009911810240172
0.03298544871839936 0.050126661753056176
0.033005072588048266 0.05015404047167078
0.03302457930026643 0.05018125573524889
0.033043969901102345 0.05020830900321046
0.0330599895453756 0.050235201717652965
0.03307591439885433 0.050265174870210115
0.033088508357101136 0.050294971190008815
0.03310102823324062 0.05032137172700978
0.0331134746790215 0.05035082848816802
0.03312263952639968 0.050380112987565104
0.033131750934434545 0.05040922673186366
0.03314080936916688 0.050438171210206995
0.0331498152912341 0.05046694789447297
0.03315559718740744 0.05049555823952354
0.03316450858595196 0.050533467777659206
0.033173368769562325 0.05057115944488605
0.033182178178481514 0.05060236230000891
0.03319093724792116 0.0506333868531025
0.03319651962432939 0.05066735337767311
0.03320207028268984 0.050704236373681426
0.033207589492560995 0.050740910400873834
0.033213077520455485 0.0507773772301725
0.03321853462988296 0.050816721368333505
0.0332239610813923 0.05085584447201047
0.033229357132613074 0.05089474839863602
0.033234723038296304 0.05093343498488936
0.033237001708197586 0.0509719060469853
0.03323926771882164 0.051010163380958484
0.03324152117537021 0.05104517724409323
0.033243762181882595 0.05107999766047032
0.03324296696268815 0.05111764104508977
0.03324217611282993 0.051155077597925605
0.0332413895963956 0.05119230901896507
0.033237608068120546 0.05122634688495861
0.03323085580109697 0.051257216885210455
0.033221156811748816 0.05128494443683425
0.03321151039144862 0.05131252170362539
0.03320191611396086 0.05134290850166258
0.03319237355764554 0.05137313148946776
0.03318288230539643 0.0514031919880912
0.03317049832559311 0.051430156502554135
0.033155244637728884 0.051456976821752556
0.0331400723028666 0.05148365409924859
0.033124980671913155 0.05151310086222236
0.03310996910266239 0.05153948774556598
0.03309503695970395 0.051565735015770206
0.03308018361433368 0.05159184377795225
0.03306251869439953 0.05161493399769967
0.03304494650370388 0.051640776574825825
0.033030340934490976 0.051663617807043476
0.033012944519621175 0.0516834808252244
0.03299563871107882 0.051703240390185624
0.03297842280284058 0.0517200528513677
0.03296129609619943 0.051733940751768986
0.03294709538035492 0.05174775688007517
0.03293013769648637 0.05176150179122514
0.03291326719865313 0.05177517603445146
0.032893667399185346 0.0517943964901845
0.03287135908309633 0.051813518631565955
0.032851966191063474 0.05183254321100159
0.03282987751324494 0.05185425716538065
0.032805113427907116 0.05187586089664103
0.03278047473034316 0.051897355241920344
0.03275596047064568 0.05191874102990027
0.03273433617678607 0.051937260961236374
0.03271282054771972 0.051952936280291774
0.03269141276641811 0.05196853302631932
0.032667366304227424 0.05198405178861673
0.03264343977451649 0.05199949315060343
0.0326196322822668 0.05201213317362746
0.03259594294134342 0.05202199237109922
0.032572370874385005 0.0520318027606627
0.03254891521269552 0.05204156470385796
0.03252557509613751 0.052048580215903036
0.03250234967302695 0.0520528692166744
0.03247385393283299 0.05204639233233999
0.03244549753611185 0.052039947119811615
0.03241727946327717 0.05203085949505786
0.032389198704665514 0.05202448343888554
0.032361254260416056 0.05201813833444221
0.03233344514035183 0.05200916952726626
0.032305770363862785 0.05200024404766121
0.03227822895979056 0.05198871966513733
0.03224553885634894 0.05197197874222362
0.03221827398540779 0.0519579478963538
0.03219113956839459 0.05194398418371782
0.03216413467127166 0.05193008712364811
0.03213725836889694 0.051913645239384736
0.0321105097449183 0.0518972814638352
0.03208388789166942 0.05187839635865287
0.032057391910067096 0.0518570075556034
0.03202843023261067 0.051838306516738514
0.031999604845401104 0.05181711269591967
0.031973493302744974 0.051793443405865176
0.03194750406239636 0.05177245391936134
0.03192420261434559 0.051751562514570144
0.0318984494326662 0.05173076850560548
0.03187281603322718 0.05171262199065498
0.031849850066321 0.05168946972416322
0.031826990423335685 0.05166896385134971
0.03180423636761589 0.051651085798752806
0.03177905630150131 0.051625707622014835
0.03175399200580565 0.05159792397502431
0.031726523310077984 0.051572784142729464
0.03169666661126334 0.05155026975140218
0.031666946244406746 0.05153036258911297
0.0316348589092273 0.05151054612004603
0.031602917425571406 0.05148583341771519
0.03157361182126869 0.05145874495459369
0.03154195343728535 0.051434261271652244
0.031512917754420326 0.051407411519754906
0.031481538674119 0.05138315373951779
0.03145276925221778 0.05135653950904951
0.03142412884117711 0.0513300446249062
0.03139315899164569 0.05130121363026701
0.0313623274003711 0.05127006196199525
0.03132918641247495 0.05123660492529228
0.03129619271785835 0.0512008576951632
0.03126334533674337 0.051160401464385226
0.031230643298022696 0.05112255271232432
0.03119566042491579 0.05108487106292152
0.031160831661382043 0.05104977300191774
0.031123741355724932 0.05101482921810519
0.031086813726847018 0.05098003869650235
0.03105004770684822 0.050942998711461546
0.03101344223715509 0.050915705242705486
0.03097699626841923 0.05088614001612993
0.030940708760417008 0.05085908882048874
0.030904578681950585 0.050829774671733934
0.03086860501075025 0.05079821206959243
0.030830413744865108 0.05077389589056768
0.030792387096505332 0.05075204903971403
0.03075216115304449 0.05073737316452516
0.030716823344963697 0.05072746703330196
0.030679284213402595 0.050722299054581345
0.030644253141552155 0.05071715316123988
0.030607028825484727 0.050712029212006474
0.03056996291076227 0.05070692706681237
0.030533054388459015 0.05070417414397037
0.030498629999049984 0.050699110260128855
0.030464351167312873 0.05069870296781665
0.030427899052837378 0.05068441829294128
0.030391600420949152 0.05067019376406538
0.030355454304320958 0.05065833305391615
0.03032176308478862 0.050641923409502757
0.03028591431035586 0.050625582424689425
0.030250215217653507 0.05060930966945777
0.03021466487117075 0.05059310471737292
0.030179262343176482 0.05057924746656111
0.030144006713638625 0.05056317212465689
0.030108897070144403 0.05054489225510834
0.030076202536089138 0.05053575222155338
0.03004137747705788 0.05053343170235066
0.03000895641761413 0.05052886501360256
0.02997666850420506 0.05052206575341088
0.029946764269115696 0.050513047413781986
0.029916982341736304 0.05050630830925534
0.0298895640590695 0.050501834253462524
0.029862257459835145 0.05049961117027468
0.0298350618630367 0.05050185281448343
0.02980797659320296 0.05050186216170853
0.029781000980332106 0.050504090173771825
0.02975413435983649 0.05050852315356034
0.02972737607248803 0.050510728752284975
0.02969851495721259 0.05051953988677566
0.02967197581841297 0.05053051548892017
0.029645543048907135 0.05054364227632968
0.029619216010479323 0.05055890706766759
0.02959299407000931 0.0505784823575165
0.029569065010309353 0.05059797965816282
0.029545231095975996 0.0506173994347509
0.029521491760667776 0.05063674214873348
0.02950002176892007 0.05065817623533553
0.029478636638799828 0.05067736190934073
0.029457335868167237 0.0507007904597708
0.029438281350057743 0.05072628136038661
0.029419301702353393 0.050749521744702916
0.02940255030229758 0.050772670990257195
0.02938586446545138 0.05079787157143595
0.029371389113559215 0.050820835956994444
0.02935697019578749 0.05083730831140641
0.029344744237994404 0.050847324034058825
0.029332565759649064 0.05085304613016716
0.029320434484708162 0.05086086941788807
0.02930835013926413 0.05086442366498903
0.02929631245152451 0.05087007961067409
0.0292843211517916 0.05087571376080738
0.029272375972442276 0.050881326241132466
0.029260476647908113 0.05088691717642751
0.02924862291465569 0.05089038747909544
0.029236814511167136 0.050893844511007466
0.029227147147230518 0.05090774182672173
0.02921751661134699 0.0509215862002809
0.02920583469362607 0.050935377933636415
0.029194197109558742 0.05095327309369018
0.029182603607249242 0.05097110046904677
0.029171053936706506 0.05098679055090176
0.0291595478498262 0.05100242142490069
0.029148085100372936 0.051020055522559955
0.02913666544396273 0.051037623326619
0.02912528863804562 0.05105717929764366
0.0291139544418885 0.051074611784505695
0.02910471549117166 0.05109197910319255
0.02909551101415152 0.051109281618451456
0.029086340818237605 0.05112651969231276
0.029077204712271324 0.05114165841736485
0.029068102506512712 0.051158772459785264
0.02905903401262728 0.051171767395869525
0.02904999904367303 0.05118268978960407
0.02904302366795817 0.051191550859650464
0.029036073984234887 0.05120037929223811
0.029029149850819416 0.05120716143066076
0.02902225112706785 0.051211908296897805
0.02901537767336666 0.051218644476929406
0.02900852935112324 0.05122535602741794
0.029001706022756625 0.051232043083196656
0.028994907551688247 0.051236710042115885
0.028988133802332845 0.05123936768780128
0.02897939148292458 0.05123604814645905
0.028970680838586633 0.051230754618966874
0.02896200169748318 0.05122548023623958
0.028953353889019092 0.05122022489460517
0.028946716035896932 0.051214988491138806
0.028940102059944274 0.05121174264926308
0.02893351183255877 0.051210476434446546
0.02892694522605995 0.051209214758034374
0.02892040211368099 0.05120599666438536
0.02891388236956052 0.05120474749354977
0.0289073858687346 0.05120154883564368
0.028898958341936815 0.051202262272094456
0.02889056075306726 0.0512029731741351
0.028882192942881642 0.05120951021211386
0.028873854753263054 0.05121408489055233
0.02886748636219054 0.051220579197449156
0.028861140434578596 0.051228982743405586
0.02885288334896909 0.05123542795441043
0.028844655286507596 0.051243775866186066
0.0288364560944407 0.05125209448704318
0.028828285621085078 0.05126038397087454
0.02882014371581811 0.05127055949261473
0.028812030229068652 0.0512826109384309
0.028803945012307867 0.05129271228245152
0.028795887918040164 0.05130468328360427
0.028787858799794223 0.051316612718780796
0.028779857512114128 0.05132850080409536
0.028771883910550574 0.05134034775416662
0.028763937851652176 0.05135215378213055
0.028756019192956877 0.05136391909965323
0.02874812779298342 0.05137564391694347
0.02874026351122293 0.05138732844276536
0.028732426208130574 0.051398972884450646
0.0287246157451173 0.05141057744791097
0.02871683198454168 0.05142214233765007
0.028709074789701812 0.051435536555111995
0.028701344024827324 0.05144888513639858
0.02869363955507146 0.05146218831434745
0.028685961246503223 0.051473587040376204
0.02867830896609962 0.05148494712665571
0.028670682581737997 0.05149812175718647
0.028663081962188402 0.05150940202101772
0.028655506977106095 0.05152064424011429
0.02864795749702406 0.0515300047420775
0.028640433393345665 0.051543015076578776
0.028632934538337332 0.051552306632501065
0.028625460805121322 0.051557897178500484
0.028618012067668574 0.05156346902702165
0.02861058820079163 0.051570851198520354
0.028605019462800675 0.051580034417199924
0.028599469256383733 0.051594653540103036
0.02859576168957804 0.051611042746652305
0.028590245244663682 0.05162374608168329
0.02858474706612321 0.05162915355935295
0.028579267063379567 0.05163092093391449
0.02857380514645356 0.05163087403488324
0.02856836122595894 0.05162902162460577
0.028562935213097523 0.05162897800371164
0.028559330252221102 0.051627134790235035
0.02855573711088854 0.05162529762008129
0.028550358401060932 0.05161808375376406
0.028544997268716416 0.05160910178033391
0.02853965362783143 0.05160014911187417
0.02853611594120525 0.05158943957868387
0.02853080411919714 0.05158411369476857
0.028525509543364386 0.051578805102684165
0.02852201198176956 0.051573513718353683
0.028518525739144297 0.051568239458244326
0.028515050760630913 0.05156298223936312
0.028513358128862753 0.051555973599138744
0.028511670948404635 0.0515507530635053
0.02850998919296407 0.05154378662015603
0.028508312836417374 0.051533322268812326
0.028506641852808327 0.05152289145705627
0.02850497621634683 0.051508984322994944
0.028503315901407575 0.051491616867358335
0.02850166088252873 0.0514743048103043
0.028500011134410648 0.051457047887189925
0.02849836663191456 0.05143461262225722
0.02849498432621209 0.05141050665378119
0.028491612740971433 0.051386477090910467
0.02848825182530432 0.05136599625693939
0.028484901528644056 0.05134731351590335
0.028481561800742974 0.05132695906244166
0.028478232591669924 0.05130666871749481
0.02847664043203581 0.051284716826814035
0.028473329401592046 0.05126111107431096
0.02847002875055406 0.05123241826324511
0.028466738430192248 0.05120381525753471
0.02846345839208157 0.05117187105567992
0.02846018858809916 0.05114002652372171
0.028455218427379723 0.0511082811959129
0.028450263725947122 0.051078341956491156
0.028445324411786054 0.0510467910001464
0.02844210300035593 0.05101193342935355
0.028437191610891324 0.05097718377673653
0.028433992727473188 0.05094423855872145
0.028430803717152023 0.05090461681002931
0.028427624534289472 0.05086511716225764
0.028424455133528037 0.05082742854206856
0.028421295469788912 0.05079154250600451
0.028418145498269844 0.05075576654980569
0.028413323446061498 0.05071841853677284
0.028410195297121583 0.05068454275588903
0.028408753196002882 0.05065579895053306
0.02840564155094702 0.05062881617410587
0.028402539378174434 0.05060191553702854
0.02839944663449842 0.050570091391411436
0.02839636327699441 0.050535031494101816
0.02839328926299799 0.050501741534017965
0.028390224550102924 0.05046522984340577
0.0283871690961592 0.050430487228935936
0.02838412285927111 0.0503975055858135
0.028379431929371937 0.05035469983085995
0.028371452073673847 0.05031532602029983
0.028365145262464697 0.05026782424838959
0.028358857362233682 0.050215523764929625
0.028350944144461092 0.0501666690977675
0.028341412814344803 0.05010974929849911
0.02833027053801576 0.050054639297913185
0.02831916147264448 0.05000133095706294
0.028306450876209806 0.049946546311153514
0.02829214581685151 0.0498968219092573
0.028277883205740567 0.04985702369854646
0.0282636628542181 0.04981734340845994
0.028249484574741558 0.04978102980194774
0.02823372552234258 0.04974482347344592
0.028218012956823833 0.049713582816167626
0.028200728731313053 0.04967919979882328
0.028183495341759655 0.04965137674922276
0.028166312564216693 0.049626859452402014
0.02814918017605069 0.04960080445356818
0.02813209795593203 0.04957161092980158
0.028115065683825408 0.04953929222824393
0.02809808314098041 0.049505464814829495
0.028079548620046905 0.04947173602361161
0.028061068056961826 0.049441302139790866
0.028041044328081643 0.04940936073997194
0.02802267329390532 0.04938069929872521
0.02800117093971985 0.04934893831287832
0.02797973082100235 0.049322036124394376
0.02795835266794589 0.04929362512959175
0.02793545074979187 0.04926846455977665
0.027912614831401988 0.04923546607199506
0.027888263685864337 0.049205722463026375
0.027860825063218683 0.049183950973184176
0.027833465174066988 0.0491685401253334
0.02780460943022971 0.04915631722700839
0.027774264225108952 0.04915197502212642
0.027744005720574255 0.04914764522354411
0.027713833545581743 0.04914176341257334
0.02768374733120174 0.04913277362518895
0.02765374671060376 0.049123809413302084
0.027620709536421484 0.049108637226665565
0.02758620738297074 0.049096620659102176
0.02755180296933147 0.049086192011047795
0.02751594157709636 0.049081998127035724
0.027481733596554765 0.049082461830822724
0.027447622112432186 0.049086016186662154
0.027412058980807785 0.0490911040725529
0.027378141445467193 0.049096177646528336
0.027344319184102277 0.04910585350623089
0.027309050571865258 0.04911703853975127
0.027273880751259156 0.049132793566000886
0.027240346220633125 0.049148504522247005
0.027205370595547194 0.049168758242149724
0.027170492531479636 0.04919200790890083
0.02713571162079388 0.049209095580173626
0.02710255582070049 0.049233746121038494
0.02707101834884713 0.04925528889903335
0.027039568359578662 0.04927828956533523
0.02700820548939404 0.04930274184358548
0.0269784492580162 0.04932409980269163
0.026948775226172554 0.0493408634160619
0.026917667365289947 0.04935002827997733
0.026888158801705822 0.04935765890575443
0.026858731417113674 0.04936677545437752
0.02682787543451638 0.04937285708634932
0.0267986114767231 0.04938042499513917
0.02676942769415665 0.049389472892070144
0.026740323757780533 0.04939699736498681
0.026711299340356265 0.0494045012792343
0.026680854970296135 0.04941048995897593
0.02665049355492282 0.04941496942111505
0.026620214755645757 0.04942092756275958
0.02659151127119952 0.04942538067092035
0.026562885679519758 0.04942833470002491
0.02653433766396921 0.049432765703370525
0.02650437993517667 0.04943421860633816
0.026475988138241587 0.04944159109821358
0.026450638837077493 0.0494459862723983
0.02642239599525288 0.04944446071269261
0.026394229177228605 0.04944293925947333
0.026367615039961927 0.04944731489913679
0.02634107235004362 0.049447265215256386
0.0263146008201519 0.04944280657021517
0.0262896711751124 0.04943542365255342
0.026263339142860675 0.04942072735090722
0.026237077423111623 0.04940020937785241
0.026210885734615236 0.04937681889901224
0.026184763797619505 0.04935495242593006
0.02615725008273333 0.049336063328777505
0.026131268755997722 0.04931576678455982
0.02610827102863498 0.049301346125722456
0.026086789593424062 0.04928551025833014
0.026065364987406827 0.0492668129582096
0.0260439969853685 0.04924381498897515
0.02602268536328278 0.04922232591592148
0.02600287756791974 0.049198000751434726
0.025981676133546676 0.04917518410603511
0.025959086522759477 0.04915531233392843
0.025936556202289306 0.049136933120061344
0.025914084939015647 0.049118602082377394
0.025891672501038517 0.049103191956935174
0.025869318657670476 0.04908782211940261
0.025847023179428722 0.049071059756952154
0.025824785838027237 0.04905434110339987
0.025802606406368982 0.04904338096797159
0.025780484658538185 0.04902816885519727
0.025758420369792666 0.049014421350218045
0.025736413316556215 0.04899643941768495
0.025714463276411047 0.04897566047752513
0.02569257002809032 0.04895493529917684
0.025672152996328437 0.04893284539600959
0.0256532064359238 0.04891789368097541
0.025632892751656363 0.04890015200273602
0.025614045487732395 0.04888528084989405
0.025595246674358363 0.04886339404963419
0.025575085622715276 0.04884297261646944
0.0255549762660764 0.0488240108125161
0.02553491840586938 0.048800880870464816
0.02551491184453757 0.04877921395150991
0.025494956385533556 0.0487604062268373
0.025473650296169974 0.04874024639442335
0.025452398489836624 0.04872153622772071
0.02542840473991421 0.04870008052036703
0.025403075699842168 0.0486814689384261
0.02537781094667386 0.04866429746942709
0.025354002962014986 0.048651342200164434
0.02533025525073499 0.04863841972905181
0.025305178379625613 0.048624142670285024
0.025281552284513484 0.048616828011192145
0.02525937145688566 0.04860676512226817
0.02523724650036017 0.04859534579740527
0.025216559375610646 0.048589474629203364
0.02519730463700359 0.048580862217775606
0.025178098216435695 0.048573647751591106
0.025160316851105244 0.0485719484753363
0.025143955157157942 0.04857436964244658
0.025129007774343907 0.04857541455590382
0.02511409771333465 0.048576456860338686
0.025099224834522423 0.04857749656551062
0.025083020723131007 0.04857853368113045
0.025066856920474393 0.04858229483341882
0.025049368363657322 0.04858740802638239
0.025031923202762877 0.04859250853152222
0.025014521276467923 0.04859623838479293
0.024997162424247953 0.048597245887297184
0.024978488289538615 0.04859960585652976
0.024959860263803868 0.048597899707694854
0.024941278176480307 0.04859754967226092
0.02492274185784473 0.04859449987711591
0.024904251139008998 0.048591457584541975
0.02488715570601603 0.048587075567525374
0.02487010222500587 0.04858404985028241
0.02485174399610806 0.04857162159068794
0.024833430707795066 0.04855922375522956
0.02481516219524812 0.04854551476071769
0.024796938294453428 0.048535858402150855
0.024780098819317184 0.04852221133854399
0.024763300366044853 0.048509934089679976
0.02474520606808664 0.048503025328827234
0.024725820620038527 0.048489467905881545
0.024706482224048778 0.04847727509291469
0.02468452686505093 0.04846112124597444
0.024662624666728614 0.04844234882027023
0.024640775436237796 0.048424949082316884
0.024620306089063168 0.04841421825151835
0.024601211609250655 0.04840086607780665
0.024582163140232868 0.048384901602251715
0.024564482784401532 0.04837293732838762
0.024546844929425563 0.04835968291602721
0.024529249422240648 0.04834646032698578
0.02451301359401582 0.04833853171164492
0.02449813252789989 0.04832930826898963
0.02448460132739514 0.04831879452845392
0.024471102459508082 0.04830830591035675
0.024457635808489493 0.04828867469834884
0.024444201259141984 0.04826778179176019
0.024432106665485145 0.04824432450133995
0.0244200408342389 0.04822614468340054
0.02440669880106989 0.04819888007618298
0.024392085069855348 0.04816516567593667
0.024376204126268713 0.04813283264512856
0.024360360770714233 0.04809797621114388
0.024344554869901017 0.048065799037932
0.0243300835222237 0.048032400976102736
0.024313054871188525 0.047992604209134926
0.024296066334761203 0.04795290119191262
0.02427911777136077 0.047915876630316254
0.024260917847216384 0.047880230013947644
0.02424276064589863 0.047844667075082246
0.024225934182590884 0.04780918751942639
0.024209147125520396 0.0477737910540648
0.02419111418423264 0.047734622576326005
0.024173123375985272 0.047696829094088004
0.024155174553288077 0.047659123811341804
0.024138548227986334 0.04762278686498244
0.02412323975354483 0.047586534521524955
0.02411052208976853 0.04755164390708205
0.024097833967603795 0.04751555840177186
0.02408517528423758 0.0474719090155104
0.024072545937333403 0.04742836078657515
0.024058674151974466 0.04738618510126978
0.0240461046430195 0.04734283666467223
0.024034832862354808 0.04730846919288927
0.024022319847410833 0.04727418100016464
0.02401110144042925 0.047239971812492364
0.02399990885256615 0.04720710549962192
0.02398747912848956 0.0471743147414937
0.02397507794568524 0.04713529262227951
0.023961445199631944 0.04709005966740952
0.023949102248550957 0.04705248198461455
0.023936787542209285 0.04700870452504919
0.023924500983767822 0.04696502712824855
0.02391224247682965 0.04692646665082581
0.0239012647118474 0.04688674128792546
0.023889060593617426 0.046847106415601185
0.023876884243574547 0.04680756172501144
0.023864735567054495 0.04676810690871848
0.023851367335295314 0.046729988795207934
0.023839275137529592 0.04669195711732894
0.02382721032866028 0.04665276727165497
0.02381517281573864 0.046613666090790214
0.02380316250623603 0.046575894771937264
0.023791179308041553 0.046543168712488835
0.02378046179200926 0.04650927790653902
0.02377100564334776 0.04648412231859064
0.023761570768361537 0.04645778790416045
0.023750922646809888 0.04643398066539871
0.02374153148983322 0.0464089942850878
0.023733393028336772 0.04639021921046436
0.023726503009380777 0.04637886157695024
0.023719628404337435 0.04636875688418466
0.02371276916154 0.046357448611109985
0.023705925229552383 0.04634494069007884
0.023699096557167856 0.04633368418148606
0.023693506411701162 0.04632856203332484
0.02368792870259813 0.04632345128037644
0.023682363388404216 0.04631713295350322
0.023676810427848912 0.046309610964854635
0.023672487623237707 0.04630210565467312
0.02366695789821538 0.04629583195748575
0.02366265555614716 0.04628835849423757
0.023658362722017212 0.046283326048534225
0.023654079364342294 0.04627830471198254
0.023649805451778017 0.04627329444783781
0.02364433115714839 0.046269503300503986
0.02363886890717141 0.046265720494528435
0.023632211475515877 0.04626315131494861
0.023625568659517104 0.04626058777571913
0.023620144950381748 0.04626644513574682
0.023614733122317887 0.046272289664755835
0.02361053499053039 0.04627572293690406
0.023606346034987232 0.0462779505850285
0.02360216622563522 0.04628017336929242
0.023597995532552242 0.0462823913056081
0.023593833925946568 0.046283410079022744
0.02358968137615614 0.046284426635302654
0.023585537853647864 0.046285440981677604
0.02358259599677516 0.046293593818320565
0.023579660521370727 0.04630529358902333
0.023577921435536806 0.04631578123383993
0.0235749973730242 0.04633335683529398
0.02357445448709676 0.04635207771219917
0.02357391277370912 0.046367211675017506
0.023573372229066657 0.04638349403122867
0.02357283284939109 0.046398561523955766
0.023572294630920428 0.04641359657859303
0.023571757569908838 0.04642977653483407
0.023571221662626596 0.04644474576227461
0.023570686905359985 0.04645968286690948
0.0235701532944112 0.046473414346977465
0.02357079672322701 0.04648594392256451
0.023570264136239753 0.04649727530062195
0.02356973268725888 0.046507412175038745
0.02356920237264083 0.04651752741258379
0.02356867318875757 0.046527621082458163
0.02356814513199653 0.04653652655797647
0.023567618198760517 0.04654541308567453
0.023567092385467617 0.04655311636988726
0.023566567688551136 0.0465619664189576
0.02356604410445951 0.04656963581143998
0.023565521629656205 0.04657728895520948
0.023565000260619685 0.04658492590184932
0.02356447999384328 0.04659138836407684
0.02356396082583515 0.046597837178020886
0.023563442753118176 0.046604272386872224
0.023562925772229897 0.04661069403363958
0.02356240987972244 0.04661594856636309
0.023561895072162418 0.046621192048544605
0.023561381346130884 0.046626424515007245
0.02356086869822324 0.04663049590690802
0.02356035712504915 0.04663455876339601
0.023559846623232496 0.04663861311128403
0.02355933718941127 0.046642658977272704
0.02355882882023753 0.04664669638795105
0.023558321512377307 0.046650725369797086
0.023557815262510537 0.04665474594917837
0.023557310067330986 0.04665761631840656
0.02355680592354619 0.04666048071392146
0.023556302827877375 0.04666333915435214
0.023555800777059373 0.046665053258003665
0.02355416040726643 0.046667901024757014
0.02355252343720363 0.04667187880711111
0.0235508898563128 0.046675848353890964
0.023549259654079453 0.0466786761223029
0.023547632820032534 0.04668149804821811
0.023546009343744227 0.04668431414972484
0.023544389214829712 0.046687124444836706
0.023542772422946945 0.04668992895149313
0.02354115895779645 0.04669159982805618
0.02353841993283868 0.04669552054868146
0.02353681424943398 0.04669718225342693
0.023535211859738833 0.04669996493871391
0.023533612753629123 0.0467061108918188
0.0235320169210222 0.04671224426364815
0.023530424351876637 0.04671836509279482
0.023528835036192047 0.046725592711218775
0.023527248964008856 0.04673280557940105
0.023525666125408094 0.04674000374244941
0.023524086510511206 0.046747187245287904
0.023522510109479824 0.04675547074004768
0.02352093691251558 0.046763737398436
0.023519366909859892 0.046773099482046464
0.023517800091793772 0.046783553521523365
0.02351623644863761 0.046793986377536276
0.02351356423327855 0.04680328941739175
0.023510897421792815 0.04681368122021164
0.023508235997805032 0.046824052029490484
0.023505579945005923 0.04683329656806289
0.023502929247151975 0.0468425224684527
0.0235002838880651 0.046851729786968596
0.023497643851632326 0.04686091857969272
0.023495009121805445 0.04687008890248172
0.02349237968260071 0.04687924081096793
0.023488653765836358 0.04688837436056048
0.02348603596414102 0.04689748960644644
0.023483423403289915 0.046906586603591885
0.02348081606756051 0.04691566540674304
0.023478213941293104 0.04692472607042736
0.023475617008890504 0.04693486185519366
0.023471930093296938 0.046944977429023246
0.0234693445928792 0.04695507285230736
0.023465671255641054 0.04696514818519687
0.02346200522126024 0.0469752034876035
0.023458346467980482 0.046985238819200977
0.023454694974131836 0.04699525423942624
0.02345105071813026 0.047005249807480595
0.023448501249769625 0.04701522558233088
0.023445956824867664 0.04702518162271063
0.023443417428473414 0.04703511798712126
0.023440883045694947 0.047046115933772954
0.023438353661699083 0.04705709218822217
0.02343582926171109 0.047068046814583805
0.023433309831014413 0.047078979876720314
0.023430795354950375 0.04709096824829713
0.023428285818917895 0.04710293306708106
0.023425781208373214 0.047114874402413014
0.0234232815088296 0.047126792323361956
0.02342078670585708 0.04713868689872629
0.023418296785082157 0.04714948665513192
0.02341581173218754 0.04716026529764428
0.023413331532911856 0.04716995330263317
0.02341085617304939 0.04717962240419769
0.02340838563844982 0.047188205023447734
0.023404850346366173 0.047195704203166045
0.023401321932282688 0.047204254480939956
0.023397800376146884 0.047212788140098175
0.02339535211138741 0.047221305229044434
0.023392908595929116 0.04722980579599468
0.0233904698159659 0.04723828988897796
0.023388035757745104 0.04724675755583737
0.02338454407970913 0.04725097007282493
0.023381059148877083 0.04724987842639178
0.023378641222742923 0.04724878888738417
0.023376227959918568 0.047247701449705415
0.023373819346926245 0.0472466161072823
0.023371415370340067 0.047245532854065
0.023367959817742187 0.047243397241448624
0.023364510904054194 0.047242319161499596
0.02336106861016215 0.04724124315080191
0.023356579710179324 0.04723596295135983
0.02335104716840773 0.047230692867242345
0.023345525215232824 0.04722438307224448
0.02334001382028579 0.04721808534186421
0.02333346368658447 0.047208655715219185
0.023325877749651273 0.047198196933508435
0.023319353580047223 0.04718671185670548
0.023313888106257306 0.047173157938379374
0.023308433032988397 0.04715962981247635
0.023302988330581215 0.04714612740544386
0.02329859721718852 0.04713160814888383
0.02329421443607931 0.04711711644309525
0.02328983996355987 0.04709953022640868
0.02328547377602627 0.04708197731695068
0.023281115849963875 0.04705926288986761
0.02327780443674892 0.04703347685752231
0.02327449927738329 0.047003590101075736
0.02327223662492716 0.04696961366577541
0.0232699782376029 0.04693570127653597
0.023267724103362114 0.046897714091766
0.023265474210201743 0.046855663371697644
0.02326322854616385 0.0468085276999633
0.023260987099335422 0.04675941692258942
0.023258749857848135 0.0467103982855108
0.023256516809878162 0.04665838199627931
0.023254287943645962 0.046605434272083926
0.023252063247416067 0.04655361348948656
0.02325086924839667 0.04649880887558311
0.02324967747906732 0.046438977489050695
0.023248487933188212 0.046378232970937704
0.023247300604542803 0.04631555420053246
0.023246115486937703 0.04625401491294487
0.023244932574202563 0.04619259011705511
0.02324375186018998 0.04613025863211929
0.02324257333877538 0.046067023030514104
0.023240378083056557 0.046004923669934875
0.023239204872874543 0.04593886781351583
0.023238033835303977 0.0458749680952717
0.023237881008342683 0.045809154669275876
0.02323772846387115 0.045743462894714426
0.023237576201106856 0.045674850594868185
0.023237424219270175 0.04560332642434919
0.023236260219341505 0.045530922346894216
0.02323509836305911 0.045458651610281696
0.023232928160033195 0.04538651384650563
0.023231771502070536 0.04531753577521199
0.02323061696836493 0.04525271770250178
0.02322946455306979 0.04518701106787622
0.023228314250359976 0.04512142488537646
0.023227166054431685 0.045055958824090074
0.02322501502206156 0.04499161728316573
0.023223871940959734 0.044928397234635986
0.02322273094767727 0.044864289707110094
0.02322159203649934 0.04480029916412348
0.02322045520173194 0.04473942880545367
0.02322032075062849 0.04467866932175411
0.023221185896267937 0.04462001935815966
0.023222049468915307 0.044561476030862655
0.023222911472856694 0.04450503453937175
0.023224768490945045 0.0444506893158509
0.02322562646675414 0.04439743869762493
0.023226482888259237 0.04434627496385243
0.023225349857859602 0.04429619818227181
0.023224218876339534 0.04425018596777534
0.02322308993814651 0.044208227535411405
0.023220971705056024 0.044169320200683204
0.023218857292043246 0.04413345568840692
0.02321575709688694 0.04410062568866569
0.023213651183814934 0.044068843831452216
0.0232105612463012 0.04404107153385732
0.02320747686123583 0.04401729753077266
0.023204398013666087 0.04399751044528423
0.02320033949161623 0.04398071388471107
0.023197272557186954 0.04396197921984139
0.023193227681064205 0.04394524454319535
0.023188207447092442 0.04392952206510605
0.02318417790149904 0.04391284630401678
0.023179174712391122 0.043899141671458516
0.023173200447558485 0.043888399663051976
0.02316723683203927 0.0438786551870727
0.023159327220067194 0.04386990550795051
0.023151431682137773 0.04386117139765238
0.023143550180720226 0.04385147710984496
0.023135682678417094 0.0438437496447094
0.02312782913796366 0.04383603589291037
0.023119989522227342 0.04382833581797624
0.023111190637713348 0.04382453731076911
0.02310240732644628 0.04382074552658359
0.023093639547117798 0.0438189004776058
0.02308488725856551 0.04381608957355711
0.02307518067085911 0.04381618814152121
0.02306549120235501 0.04381918764518852
0.023055818807804225 0.04382218186338682
0.023047130630073704 0.043825170810074206
0.02303845773497771 0.04382815449915968
0.023028834594074576 0.0438320963853386
0.023020192991187707 0.0438360313498561
0.023011566549007656 0.04384092105955643
0.023002955227672792 0.043845802198337044
0.02299435898746111 0.04385067478871348
0.022985777788789602 0.04385457972850531
0.022977211592213675 0.04385847784147932
0.022968660358426526 0.04386332659481273
0.022960124048258552 0.04386816688609844
0.02295160262267675 0.043873954413657594
0.02294405309302929 0.04387973185841612
0.02293556048712233 0.04388549924669988
0.02292708265096477 0.04389125660474314
0.02291861954606031 0.04389700395868902
0.022911124861200356 0.043901789806301474
0.022903643176661066 0.04390656735235692
0.022896174458646102 0.04391133661843654
0.02288871867347619 0.04391609762604675
0.022881275787588577 0.04391990205800586
0.022873845767536552 0.043922752294170295
0.022866428579988936 0.04392559760764705
0.02285902419172958 0.043928438011178204
0.022851632569656877 0.04393221868614337
0.02284425368078327 0.043935048493735196
0.022836887492234743 0.0439388169726311
0.022830478648114674 0.04394163624032467
0.022824080815754263 0.043944450663915675
0.022817693966797045 0.04394443634324012
0.02281131807298384 0.04394536263774251
0.022804953106152315 0.04394722703652295
0.0227985990382366 0.04394533214619434
0.02279225584126685 0.04393968623866511
0.022786862480577732 0.04393404998225986
0.022781478331435484 0.04392842335225325
0.02277704072714299 0.043921869964139
0.022772610689098225 0.04391345640537405
0.022768188197966655 0.043900381619542184
0.022763773234479562 0.04388546003011224
0.02275843161084055 0.04386589423729232
0.022753099063877222 0.04384356179197655
0.02274870815304255 0.04382126726252719
0.02274432469074195 0.04379901055246621
0.022739948658038467 0.04377679156564262
0.022735580036059293 0.043754610206231094
0.02273121880599548 0.043732466378730586
0.022726864949101682 0.04371035998796296
0.022722518446695882 0.04368829093907163
0.02271817928015912 0.0436662591375202
0.022713847430935238 0.043644264489091124
0.022709522880530603 0.04361953026676451
0.022705205610513854 0.043594837684542816
0.022699971647708546 0.043569262588850126
0.022694746481479382 0.043540960508896796
0.02269045249291444 0.04351362852583537
0.0226861657090283 0.04348634240180592
0.02268280693301744 0.04345910202148818
0.022679453783097055 0.04343190726994818
0.02267610624514306 0.04340199952827931
0.022672764305078624 0.04337122303289682
0.02267034565542404 0.043341415959331865
0.022667931043581904 0.0433116586471585
0.02266552045944926 0.04327920153076078
0.022664029265461294 0.043246798509557045
