0.020408589448860055 0.057377646612697925
0.024709293441699857 0.06641362056310918
0.028095067061807897 0.05509604203379235
0.022648487629296315 0.05780942158973301
0.02423788241178427 0.03880578317211287
0.02263458696692014 0.042511764525697514
0.021484619952858806 0.048015692640272334
0.014044940295328417 0.06019789130243616
0.01480654389373948 0.06318668391008864
0.015400634339045394 0.06231018456729219
0.01636297707391017 0.0609306576927895
0.01598174606798555 0.060643044749489644
0.015783245162481634 0.06251761401153785
0.015511667351729652 0.06352884121532984
0.015078672694091551 0.0656868950517985
0.015485449414386168 0.06040518232393837
0.016382028092993533 0.05277315818800746
0.016678064224564693 0.0532253528529697
0.016455282320630017 0.05542298638584092
0.01682676116438852 0.05740458608310811
0.016371944126350707 0.0596094078025696
0.016192494938215233 0.06147637242910364
0.01590069095651339 0.06334913308996837
0.015345650947868978 0.06559036387384666
0.01544038566025831 0.06682151649239135
0.01665445752387141 0.06546465989808907
0.016075095959230817 0.06788715901808025
0.016431314512737397 0.06610332402254468
0.01612865140473829 0.06800537210426962
0.01638616811218386 0.06859732770832139
0.016932934754467433 0.06915359385156064
0.017749216438871594 0.06877548521816651
0.018680329872957008 0.06768654382516172
0.018723744871800178 0.06853687144275661
0.01843581357617979 0.06976582495323642
0.018445611711326994 0.07043335679815205
0.0185449056308579 0.07120415905437469
0.01880554126070662 0.07141013929500432
0.018753686602966172 0.07200234402537288
0.019007235249113946 0.07277771689870452
0.019128347983397246 0.07307260514543866
0.01926089600355675 0.07356824607734769
0.019390509070188855 0.07388317966712563
0.019360213608146302 0.07446026792448847
0.01942000253078379 0.07486013159848437
0.019663130808127892 0.07490549662891512
0.019713627948138333 0.07505497212121043
0.019774222758451834 0.07571325606521671
0.01985922606088104 0.07578227464826374
0.020023014313314012 0.07609905663225552
0.020026032998922392 0.07643432369338038
0.0200175134812304 0.07676629389770254
0.020095891746573374 0.07715537351055249
0.019849162687924738 0.07774519615827849
0.01987950993307313 0.07786044073544537
0.019869452807170406 0.07809484375842339
0.019997609901162606 0.07773060384963651
0.02004796220192059 0.07763899394573294
0.020234596630639628 0.07758447042866354
0.020192765111195565 0.07751549439378667
0.02028132290817456 0.07774161622045324
0.020204739682121154 0.07770377759495616
0.020194228461520313 0.0776775248536873
0.020284845651525975 0.07782111212387569
0.02040640224941296 0.07782315861469
0.02037050606268152 0.0779418396827814
0.02042071733393079 0.07749224061210759
0.020453634188409422 0.07762717004723506
0.02038447930467433 0.07768369176818438
0.020251693267365783 0.0779890631506291
0.020365021195240716 0.07796393761452795
0.020488517723671915 0.0774311110103351
0.020560916880248904 0.07696278590064413
0.020740625188998232 0.0767671663835005
0.02094709378345599 0.07685168657696419
0.021201824506737008 0.07696911110365275
0.02135171900366491 0.07696962887494413
0.021598852910116033 0.07677438137709264
0.021847687875888037 0.07716618208525873
0.022124442078696176 0.07717963751857558
0.022366171837071118 0.0771516973933888
0.021618044110038887 0.0757029637625858
0.021774013204840723 0.0759556989205898
0.021851055941765028 0.07606574509290162
0.022081703550665886 0.07595018502205159
0.02227658959538177 0.07570842197899386
0.022708959452988935 0.07505441929543387
0.02293368727041011 0.0747210338213789
0.02315336502451845 0.07439514015572965
0.023329057713176768 0.07455388992243822
0.023500889024062374 0.07470915068328506
0.023668984871667857 0.07486103621020045
0.023833465754808703 0.0750096553816983
0.023994447044691235 0.0751551124431643
0.024152039254786768 0.07529750725070468
0.024306348293838643 0.07543693549975464
0.024457475703219347 0.07557348893954584
0.02464787389058582 0.07524456255667235
0.02483442564992469 0.07492228115123066
0.024934595854194996 0.07467875709472051
0.025131322354180412 0.07421211911537216
0.025261456925463638 0.07413180303002309
0.025368146309664642 0.07356605148719547
0.025491846594172005 0.0734263766331318
0.025610115619176057 0.07334278985879328
0.025752279190947247 0.07331185315581035
0.025848748682357592 0.07308814983188065
0.02599768589428524 0.07295113447796091
0.0261961842080957 0.07191308964849724
0.02627322266820043 0.07192985038709442
0.02599279654125979 0.06982384840367412
0.02612211383554572 0.06976209293518316
0.025734710552489725 0.06779006212234506
0.025925266912153525 0.06782601582928192
0.02602380501975964 0.06750415597151285
0.026122309461085257 0.06738787404813773
0.026216742698243686 0.06721215141552211
0.026299979804073816 0.06724611472247664
0.026401081111517417 0.06710816959093807
0.02646468332518666 0.06712238197907541
0.026442108879082302 0.06721449826001978
0.02648751610202527 0.06724605482579221
0.02655931848888957 0.0673012274059908
0.026546324431124632 0.06695353041915451
0.02662883070118914 0.06691137781920727
0.026618813704517078 0.06689092036430423
0.02634300891728901 0.06593998916149578
0.026015102549055136 0.06424782358232249
0.026016885922240295 0.06372710608588825
0.02608347216340763 0.06371997045890669
0.025919779687019 0.06303159464921104
0.025943434092031228 0.06295531816297367
0.025728508982846295 0.062106828901069215
0.025736202288309223 0.06204559641300168
0.025762357656962713 0.06200612405313542
0.025777274757949623 0.06193726524010623
0.025849319395525157 0.062122220365069585
0.025914954144146688 0.06208126769240547
0.025974560039018726 0.06206996860879693
0.026045850192822965 0.06216536430038051
0.026118323093460755 0.06211837479664798
0.02599260135464958 0.061223120632981416
0.025996767887418445 0.061021267423838066
0.026004735354624647 0.0610258167385563
0.02561029253873674 0.0593513983015612
0.025589919600712496 0.059158421776131155
0.0255929069470339 0.058824105808580884
0.025637001092051557 0.058888927818779746
0.02563601495678545 0.05874487539136026
0.02563522221964907 0.05874281341537684
0.025650390266814472 0.05872060217200044
0.025643500745245462 0.05868401050630196
0.025645572222678048 0.05864394062317679
0.02548493833065353 0.05794327835446587
0.025530587428594806 0.05809024492128733
0.02557414672115985 0.05803478912479296
0.025617151118278204 0.05798003977156602
0.02566334734652927 0.05795119493496583
0.025669955169871625 0.058028561060147095
0.025713808673849387 0.05806425721753326
0.025680021045593016 0.057905398125424654
0.025634841545967242 0.057720027029836994
0.025590216396030124 0.05753693042621973
0.02541366447541162 0.056586581428459445
0.02542350547453502 0.05657076456753289
0.025454468161001453 0.0567402845437817
0.025466398405413006 0.056717443259454325
0.02551332662454167 0.056769450307407696
0.025623182750463384 0.05672571703911438
0.025363180350302987 0.055491169977034516
0.02567007001249814 0.05506577445211949
0.025489087103629016 0.05411222991730942
0.025542035166137848 0.0541657872469662
0.025624383493388206 0.05407941253321923
0.025364051784721887 0.052361418564212274
0.025368451425129022 0.052277975077929854
0.025302370878458526 0.051409586422222785
0.025362699771160218 0.05148868807333074
0.025353609462962754 0.051404102895503616
0.025384031712506954 0.05137651430174194
0.02541794126010275 0.051344172888153336
0.025245314946108013 0.050382057485928465
0.025236214873266147 0.05051550447764782
0.02498261573299479 0.04926737398288154
0.02473175820505069 0.04803273679076138
0.02426278562117473 0.04737672201529335
0.02378875435967456 0.04673009064955575
0.02360045439807726 0.04563756711369469
0.023715799269997843 0.045620067742217225
0.023619285268010062 0.04476047091798695
0.0236784938915763 0.04484611272404462
0.023768870405446094 0.04497860535079887
0.02384376484626994 0.04510212538939487
0.023905283167422273 0.045184237818945996
0.02406049153534727 0.045226591852451495
0.024115891772228674 0.04530837604731564
0.02411163961963415 0.04466543021409044
0.02416343094937368 0.044588888686187114
0.02420251781965947 0.04454270282803679
0.024309542404088214 0.044582860780063044
0.024399846643451687 0.0445699188509589
0.024463136078800816 0.04458935657298117
0.0244896789537581 0.0444800173360226
0.024545000597448664 0.044485827127941927
0.02460460535427622 0.04456490177972927
0.02466345805751898 0.04460062248521254
0.024702524793847404 0.044688650865777065
0.0248189335264257 0.04478410510730617
0.024930517482708463 0.044827989101793024
0.025026492183848746 0.04486610685000109
0.025162248663332224 0.04492654205018512
0.02525379445806672 0.044973020546088496
0.02533908934623436 0.045126680742521644
0.025422172368011916 0.04530148700220511
0.025497964572100754 0.04526698859288521
0.025565016353519206 0.04536342861229064
0.025715745850771167 0.045334011412742764
0.025808531599508484 0.045431220280853266
0.02586170320436512 0.04566422825672081
0.025940769417408853 0.04572602136585612
0.02598846425378794 0.04576351721748338
0.026061535219619104 0.045793260487194946
0.026163921069687377 0.04580699288151885
0.02624840009255978 0.045941056250261535
0.026340774215067926 0.046047709344075496
0.026426722693856007 0.04610236306573334
0.026513707187569235 0.04620971657921402
0.026604701902500992 0.04626792434606599
0.026696349043199185 0.04627552845223749
0.026795859068259802 0.04638139879169494
0.026896504653532625 0.0462569034770482
0.026969725780559266 0.04642648208123433
0.02701222611229822 0.04636935010469804
0.02711287758281253 0.04642932295035778
0.027131851220336897 0.04619877422933932
0.02720287772961053 0.04623834533165534
0.0273039828213627 0.04627584421275096
0.027397891596180488 0.046351849380141155
0.027519338183736006 0.046333824137243046
0.02761686411001467 0.046391553262497415
0.027697532516114193 0.04639877717817968
0.02776084921527983 0.04646949812234818
0.027882428814111234 0.04647838270322829
0.027988918551552312 0.04647130789893416
0.028093355978245423 0.046524210829535444
0.028152505348408432 0.0465958978849099
0.02823390427295825 0.04665752866601671
0.028366377812856995 0.0465572835089534
0.02846849331104026 0.046511453487716584
0.028512330175641424 0.04660574648207025
0.02860541232896434 0.046689590668654246
0.028701692552541836 0.046722758280784794
0.02876406375670795 0.046787718962595995
0.028829852426997316 0.046876813820292844
0.028921707993665315 0.046955475982712984
0.029010310229805814 0.046962450967703115
0.02907859612544943 0.04701776864243228
0.029123001692787462 0.047102208284362554
0.029185355819377937 0.04720424043901032
0.029271787114511675 0.047254660924203655
0.029318124749144237 0.04728937417835451
0.02939015423364598 0.04733013497718887
0.02945861405104745 0.047313590702806795
0.02952724196546738 0.04733031981900077
0.02958267454338335 0.04747512933242855
0.02965002684085064 0.047547978032200455
0.02969703685169411 0.04762214060926246
0.029719365651714933 0.04745267986059932
0.029791740423155806 0.04755288985985003
0.02985534471659704 0.04763662161764034
0.029923747070198282 0.047750880421834146
0.02998957525789305 0.047848130488422354
0.0300672758203486 0.047929408774811035
0.03013628826570657 0.04799342082337888
0.030199653270236545 0.04806761891837762
0.03029076698698716 0.04814867099184775
0.030351288968056583 0.048227047567606283
0.03043820637684085 0.04822317523590047
0.030512019508554433 0.04826534497933706
0.030556521415670928 0.048374832784483304
0.030602975155310953 0.048487181912011366
0.030759303262210606 0.04835331100361546
0.030589956172533475 0.047632824074405396
0.030659419112531276 0.047593350530261286
0.030714354855366603 0.04763003552582145
0.030739783634579448 0.04770410427599814
0.030801936080311867 0.04774571803113357
0.03087458826058148 0.047859366030859364
0.03096480223160875 0.047961535217492905
0.030915828673231328 0.04748879834060497
0.030940102682404793 0.0475619633389943
0.03096431479300342 0.04772325810606683
0.030982672127148368 0.04774755337252953
0.031011832526303622 0.04784703791530782
0.03103961441050268 0.048107673795839995
0.031088758638924418 0.04816939760515381
0.031122190406604803 0.04820280502803727
0.031166762331398968 0.04821525773466319
0.031260869579123794 0.04813272692528086
0.03132888856586499 0.048201785923933586
0.031362645957458954 0.04815705075175091
0.03150256403522068 0.048011949099679
0.03155670859294756 0.04794696165634829
0.03158096612911879 0.04797387002286727
0.031686812599509576 0.04785405277557313
0.031692415303918565 0.04762111317849896
0.03167695929545272 0.047705480088438695
0.03170301892059538 0.04771219414363419
0.03167854098088019 0.04770347245052367
0.03167231474168252 0.04779798921635086
0.031704649568483345 0.04774214794265097
0.03169388098169063 0.047777877050021594
0.031707496098069686 0.04782228639384212
0.03172347302993918 0.047886432365851224
0.03172780322641914 0.048045842894043116
0.031727166778153466 0.04806465706048132
0.0317383534294074 0.048081973711787115
0.031753856785165256 0.048147176243961705
0.03177458091531301 0.04822566711796401
0.031786006995693644 0.04825784717390354
0.03179530216772415 0.04830459178442217
0.03180825098149152 0.048367578665552344
0.03182379580639589 0.0484916996946483
0.031827548804503406 0.048579164967436084
0.03185882118627859 0.048605957769958325
0.03186773035355818 0.048613649534243915
0.0319321812525969 0.0486187063352303
0.03194019412561371 0.048662804615967635
0.03196319518418314 0.04870391676301697
0.03189364861026098 0.04789742369447385
0.03186833319088186 0.048029640796565326
0.03184628377374015 0.04804591695634787
0.0318282177873301 0.048157553827342985
0.03181203636290278 0.04831141296169034
0.031815081829237056 0.04846003554964743
0.031841909936068225 0.04849014144941103
0.03186797504564235 0.04828223023391375
0.0318765760961443 0.048311906854323655
0.031919465412176606 0.048320386171171216
0.0319313116428106 0.04839601292246957
0.031951873337008885 0.04842576042895601
0.03191965194503988 0.04843227165795725
0.031918482550333215 0.04862168231033673
0.03193185100664769 0.04872165532183304
0.031894239967765026 0.04870380584164007
0.0319209697262666 0.04871421676055633
0.03193681647691215 0.04872376502934291
0.031902849908933585 0.04887306499385909
0.03189194723563402 0.04899950456822607
0.03190108422417776 0.04905951977208182
0.03189220814274792 0.049154892377857126
0.031906376406096816 0.04897540631544525
0.03189374717861951 0.04907396947412818
0.031880828341369384 0.04921095295598875
0.03186303315260984 0.04927608659107631
0.031868312828145354 0.049291583322717256
0.03185593942231596 0.04946235176014922
0.031809483626435625 0.049544864125041305
0.03178740192189289 0.04961057052943019
0.03154971669867392 0.048752328221091504
0.031534225536048226 0.04877802058435164
0.0315529863979469 0.0485052548206886
0.03150391717330506 0.04861105757295798
0.031500399596551806 0.04869103644466091
0.031475478199973206 0.04874637181253688
0.03148925550689601 0.0487653197592696
0.03147693106534024 0.048780592209343145
0.03145819312391268 0.04877654314450674
0.031431756624551846 0.04878054418097841
0.03143124511329307 0.04878420165780802
0.03143787725620076 0.04879121937440989
0.031379188292226544 0.04896754242799455
0.03135960403023855 0.048941856318597134
0.031343244023182934 0.04893774030275603
0.03131649257479986 0.048978163762976444
0.031277436007546476 0.04906414721110116
0.03124080795578068 0.04900482209667095
0.031200876066443974 0.04900345315318705
0.03129869826734228 0.049000781666065946
0.031298830333058386 0.049152277624275195
0.03125205055934312 0.04924904395945996
0.031247223826114383 0.0493730882172937
0.03121532394286508 0.04942418996801134
0.031185895460002246 0.049399375547805636
0.031182784960506454 0.049401739227535914
0.031149645030307916 0.04944258171986564
0.031142470829519864 0.04951517868126923
0.031126680123988244 0.04958908033407524
0.031119540094300874 0.04961121533128089
0.031091754506554325 0.049601959930882365
0.03111035092100787 0.04956389714583687
0.031110855444149484 0.04957396598881927
0.03108613699976123 0.04959342758821187
0.03106214510581963 0.049553152169361
0.031052935209186932 0.049528128703221284
0.031063917284926836 0.04947157274441323
0.031060492921321875 0.04951177944048482
0.03106068235635883 0.04940033148370802
0.0310439511158629 0.0493773747166944
0.03105482357352731 0.04922681914063853
0.03110386568092547 0.04896512344130041
0.031104989596879812 0.048849473230127574
0.031102789594658366 0.048904032485007416
0.03111966489060551 0.04886720126927724
0.03110370907686366 0.04891552465753505
0.031115397669325712 0.04881453105656372
0.031131799035427454 0.04878703603226238
0.031097422422301544 0.04883448839958736
0.031059095887604693 0.04892322079297704
0.030875363326720688 0.0483235392601196
0.03081941084050433 0.04838780649469692
0.030839319583508912 0.048265098636244584
0.030822354300678954 0.04827940822505039
0.030710913978643447 0.04844017430935402
0.030736179882212927 0.04834277878240244
0.030808370281986113 0.04819924030233126
0.030708864696606743 0.04832359748774702
0.030686222443554928 0.048349946213377556
0.030727850744286304 0.0482096356478148
0.03072012524242899 0.04823989302332342
0.030605680920469988 0.04832239301915133
0.030658199553043334 0.04820294740944699
0.030634790884926995 0.04822837699320514
0.030425842210423805 0.04793143259798875
0.030456405954061096 0.047824302157086364
0.0303881438108058 0.047925396448127454
0.030428793582721554 0.04779318299564276
0.030413223486978763 0.04785382289237305
0.030448896095346165 0.04777727986751432
0.030509606338587136 0.04760834845635784
0.03045240228735023 0.04773919286771203
0.030441686822145275 0.04793024023470548
0.030376970246232784 0.048049953954021604
0.03030933376047401 0.048067956863380085
0.030368856757668327 0.04792842716097972
0.030321813358859716 0.04804412795011356
0.030278551617715057 0.04820687347133656
0.030078321610428158 0.04766408524631676
0.029986683836629016 0.04769779846175983
0.02989150966271546 0.04782028822853182
0.029796973940484403 0.04760004115434893
0.029731477025108866 0.047680924084305513
0.029671098399537518 0.047782441825159574
0.02960034051057621 0.04791580271415006
0.02955699552354019 0.0480618460019534
0.029525345641538005 0.04826910474715089
0.029520353938086958 0.048221780297507205
0.029552309627818234 0.04816913111561306
0.02948343467843427 0.04827808020943588
0.029552943282759342 0.04825329069087792
0.029507887323203055 0.04837651653656253
0.029341055520906115 0.04797558652930214
0.029330518942630054 0.04800368799145734
0.029229397462976647 0.04781876681300172
0.029168847103471205 0.047914303656806635
0.029113098905868686 0.048087858625668695
0.029056331540572355 0.04815828420715629
0.029002122078787912 0.04831644865426542
0.0288639006516543 0.04785660044993313
0.028832731210772244 0.0479289752251387
0.0288030479559449 0.048058171304061495
0.028797854173869226 0.048057756429319774
0.028762508613617947 0.04811292095745258
0.02874496325255498 0.04818538889319983
0.028704808059145777 0.048221576677593386
0.028679835429326953 0.048241062466319144
0.028676927054402862 0.048266346327376426
0.02863655027214113 0.048382704772973774
0.028593235143369467 0.04849642026746628
0.02855061219326521 0.048798542297714416
0.028551414209683004 0.04874178572137044
0.028491336476067598 0.04889384862571724
0.028415888941635045 0.04870402250560691
0.028398050873026947 0.04869588555470775
0.028370808637656182 0.048796235696985595
0.028344701784434722 0.04886591939746125
0.02833075370033897 0.04896810903296483
0.028331704196040263 0.04895512373721536
0.028307072896761883 0.04902292380203658
0.028317624207693275 0.04903728711700366
0.028314849110792097 0.04909629563205917
0.02827828756774232 0.04918592831964151
0.028265421570554145 0.04926738752596829
0.028231720391197323 0.04935197192743593
0.028285420377164732 0.049279100768707916
0.02818333443685565 0.049170043274012955
0.0281583179869962 0.04920437511798935
0.028189538018703587 0.049110625078880525
0.028171623098652 0.04915570530787653
0.02815071401539223 0.04923209158717876
0.02816135265166925 0.04925256029572643
0.02815138503283176 0.04924238356950809
0.028124783929729877 0.049266437071727516
0.028117364399489114 0.04926879814284924
0.028124001937911626 0.04926701735350346
0.028048571221938337 0.04909569274572515
0.02805026345743437 0.04912546538180875
0.02805908538479096 0.04911839614686516
0.02801896682231022 0.049247361645638685
0.02801433278809995 0.049288280505384724
0.027988184311473832 0.04940534578394506
0.027953910092149113 0.04954949666096625
0.027963513050842544 0.04957667482962797
0.027943907705106807 0.049664648285550464
0.027917097770547166 0.04980094361376786
0.027921070456540766 0.04983442191005629
0.027924036561390326 0.04987209993730317
0.027915286589932812 0.04992117658683649
0.027912864035578275 0.049952647367840296
0.027886163610356295 0.049959869699998334
0.02787333946610972 0.04997050840482011
0.027862369812166565 0.04999031716055791
0.027858764797781203 0.04995549007533683
0.027869818779064744 0.04996147953839007
0.027876400585801268 0.04995771193159898
0.02788253581701587 0.04997385046960922
0.027885155522220668 0.04999039240779397
0.027886806724047416 0.04999824581510323
0.027881215542145118 0.05004961565680905
0.027915605931434787 0.049985908983921384
0.027951099251378408 0.049913243790277985
0.027939585340835776 0.04998947743435816
0.027926329748197504 0.04998011768698575
0.02792226125360537 0.04995881441881444
0.02793331452045233 0.04994316327083021
0.02795814349704475 0.04991434598729442
0.027961285606481038 0.049901588136869235
0.027970140436707522 0.049888460293640156
0.027966437870558806 0.0499078680090492
0.027963682756292605 0.04992143843846016
0.027958151929617134 0.04994451204771201
0.027910084294223373 0.04986318172971421
0.02789674098453986 0.049931660833062066
0.027893897593181314 0.049969254966545334
0.027898208060055236 0.04999722201101721
0.027909612704012855 0.05002758370541566
0.027909794915668338 0.050023369594291475
0.027873807760861947 0.04968261233281441
0.02787920063253137 0.049688246991321856
0.02779513477393191 0.04960327691039925
0.027818461990362732 0.04959060057637838
0.02772839038759736 0.04918205445218724
0.027718918838036444 0.04925431830305652
0.027723648528701614 0.04927602498736091
0.02769269836476247 0.049314371805028935
0.02768789414221865 0.04936289888900188
0.027690700249149512 0.04940521313112346
0.027708484672456624 0.04936316876065058
0.027719529865984575 0.04940979865778574
0.027692017479181964 0.049321743270368555
0.027655637235049574 0.0491209323367906
0.027599235316983238 0.04900649373131753
0.027582706531398524 0.04903532165649747
0.027573764520990543 0.04905847701095845
0.027576887051336447 0.0490957231811735
0.027570920021130523 0.04916900789858225
0.027574880967203837 0.04918085761939528
0.02757373169029433 0.049213129416573756
0.027576503242748407 0.04924821037204223
0.027572848380485737 0.04926061097474847
0.027563453524452282 0.04925136681104794
0.02755652538865186 0.049261483188622474
0.027547793435427053 0.04928307134811924
0.02752545965730268 0.049328594970776
0.02752194172561053 0.04934341832518513
0.027520904411511397 0.049379566987802805
0.027535368710934642 0.04939828231692038
0.027514998545048023 0.04942454753338415
0.027538520242638788 0.04933944536949875
0.02753199952341728 0.04938823171170594
0.027507246995126158 0.04943753552808274
0.02748273245956513 0.049468975086832304
0.027433325048605333 0.049330935080319424
0.027444193085870545 0.049190089792228234
0.027430434390857256 0.04934553745457106
0.027412610173730076 0.049382564378122905
0.027464557260644604 0.049315531569565155
0.027502098673537468 0.049208118578006374
0.02748571854567034 0.04923147725725637
0.02748777540227871 0.04926150764720601
0.027482653296502547 0.049268340025395346
0.02748285709909002 0.049267145075265
0.02741165880105512 0.04908259355939218
0.02740699358454432 0.04913159106298427
0.02738279760526592 0.04884186975717381
0.027360859358229093 0.04882862578353278
0.027351519169072625 0.04888394012235956
0.027353410776629634 0.04892546369377377
0.02734316051358616 0.04895227690104819
0.027341457233022313 0.04897908934852398
0.027304256738667702 0.048897173145250786
0.027291405948774917 0.04892541385168101
0.027303374229362926 0.04890802625817483
0.02730229644910524 0.048894963033804
0.027300338706706784 0.04892454782909217
0.027282309275848675 0.04900656633511682
0.027302038816287077 0.04893569262203533
0.027279348464083596 0.04901681764520596
0.027269046974713714 0.04900436647173296
0.02723570811953304 0.0490465911929085
0.027222519145602232 0.04908282783566588
0.027211103909938503 0.0491152745692868
0.027222873609745325 0.04914020991852493
0.027218173512884823 0.04917657073474076
0.027220933260917565 0.04921478702846317
0.027213500150810088 0.04927245943073378
0.027225280524462193 0.04926398400599787
0.0272032752961902 0.04929936438787298
0.027206475054447593 0.049273535591779535
0.027208573318107675 0.04928531943356964
0.027190946827738146 0.04929378802932812
0.027182988973993422 0.0493233387189408
0.027178790032921674 0.049349098663978734
0.027204766928663995 0.04926894690508388
0.027213648444764642 0.04923975140743124
0.0271937013952079 0.04901740038936498
0.027171374600388883 0.04876634678128869
0.027172378338127034 0.0488156533436735
0.027165239785187638 0.0488402458481986
0.027173257447524194 0.04887257991832623
0.027172996835574167 0.04889643108814349
0.027189237160064397 0.04881899957337767
0.02712350869958848 0.04870447780400378
0.027119045159408897 0.048483852363257064
0.0270367640398509 0.04831064336384256
0.02703675421331567 0.04810582524217449
0.027025715308891897 0.047909063673280614
0.026988089633361495 0.04797223752152883
0.027016330269736 0.047937449605271513
0.02699790935863648 0.04775315163692773
0.027009428390262404 0.0477797698662454
0.026973445354293857 0.04760694158343844
0.026919022949643285 0.04764838144695706
0.026924999154830348 0.04768548153663213
0.026935068141794038 0.04769065300824765
0.02697579259600153 0.047606551369171156
0.026944159719341207 0.04742654459909828
0.026960848741301262 0.047427554356380214
0.0269898470408804 0.047377342369590396
0.0269318137016202 0.047331418044447286
0.026924043592820097 0.04713812654306225
0.02688233737274786 0.04698784243524767
0.026884427043749534 0.04682048767151912
0.026911262356995605 0.04676776817042836
0.026936734657730107 0.04672853235460558
0.02688146055239862 0.04669271822098818
0.02684051844297565 0.046547428765651065
0.026823953141079708 0.04642917301120978
0.026822432380811997 0.04642987243516371
0.026825041581305647 0.04649775647853429
0.02684486608018473 0.04651357646596309
0.02679988918761586 0.04639793216794141
0.02679320396604248 0.04641459535461171
0.026777227019971424 0.04622699447851789
0.026769244374640965 0.04624827612328775
0.02673837660622694 0.046076631568422885
0.026725970134611695 0.04594421166280118
0.026687464536512828 0.04603029696570774
0.026685208568568385 0.045972880933756524
0.0266251096610669 0.046111340770281777
0.026571201572091988 0.045969593373134825
0.026549382505473132 0.046054167283305525
0.02648183865533356 0.04589937313588186
0.026526971030560866 0.04582859708606674
0.0264572991488476 0.045688447618748504
0.02637238114135356 0.045675146626864435
0.02631972419564618 0.04576282389954841
0.02625874490357069 0.04586927673728664
0.02628977771515307 0.04579724719164313
0.026212452390028732 0.04593964293885861
0.026198053348304176 0.045992072817580366
0.026161472680059843 0.04620379494966261
0.026166762140267485 0.04622688488292471
0.026146756132891906 0.04601657396237311
0.026050320321670293 0.04593425254390341
0.025975767014897972 0.04595390296810201
0.02594181433421349 0.04582402103077493
0.02590624261495016 0.04596583008549231
0.025911514317446187 0.045921058985799866
0.0258851213574262 0.0457278677856329
0.025868807328251243 0.04594915766127371
0.025791824958086424 0.04593705049883334
0.025709379981941984 0.04585500229507358
0.02563663178307315 0.045809846043986906
0.025588081805644817 0.04591022100077363
0.025470398150295386 0.045824565628472244
0.025421833769742257 0.04585413441053101
0.025439973009771993 0.0458640574939499
0.025468753949177435 0.04585541937121433
0.025411098098646393 0.045889856271619844
0.02536947640892398 0.04590248554693615
0.025296723171616305 0.04592908159453161
0.025271970243222232 0.046031771649715024
0.02519789406562646 0.045919697365753374
0.02517860636531415 0.04596548599135447
0.025123724770039865 0.04585595910579174
0.025018665878166577 0.04581062754837174
0.02495980398811563 0.045930222185837304
0.024914822280043842 0.046030060979691714
0.024890100854865663 0.04609474764806947
0.024844677497930706 0.046206298648705034
0.02480429215783319 0.04608249822167768
0.024752385479786528 0.046008289226621236
0.024788492118510027 0.045974653032794424
0.024753051226005202 0.04607528396728369
0.024686756816707497 0.046178998416519824
0.024698545070334473 0.0460677010451127
0.024699463593999382 0.04609492053544999
0.02463246952424154 0.046238754856784615
0.024699171578426722 0.046125914925798275
0.024600435582843253 0.04605945903512509
0.02457021309684977 0.04614833568549856
0.024506852503113935 0.046035243348549575
0.024522433664350213 0.04603215323684984
0.02453907959917378 0.04601609060228807
0.024560608959311732 0.046016765519738614
0.024528715088489274 0.04585080294044723
0.02447500203105031 0.04559361572839572
0.02444647408303703 0.04569886532981016
0.024437453977881985 0.045747417276107795
0.024402623368530125 0.045628922872484184
0.02435492230527955 0.045501995247343004
0.02438489425934702 0.04547826701989845
0.02435056089253653 0.045225534584353466
0.024296181114321833 0.04535386409306568
0.024296640483446794 0.04522254433753913
0.02426509617560994 0.045119063519339045
0.024240826349095714 0.04493806998520065
0.024214536300673432 0.044844669369231385
0.024197447890721 0.044904901027125375
0.024223103735051953 0.0448717517055152
0.02418646708427856 0.04475033794927236
0.02413312136210014 0.04469271232747501
0.024128336861241283 0.04474052887028596
0.02408508888234559 0.04461782832560795
0.024077835812613604 0.04441472712500663
0.024060265759715864 0.044516578718766894
0.024042907742471198 0.044591022100797795
0.02404248111423999 0.044582846199083315
0.024025512198131385 0.044648905080922105
0.024056234570084895 0.044642806261335134
0.024017340342807926 0.044519045708673856
0.024017029850513436 0.044352809297841356
0.023958849927512318 0.04432116674156226
0.02393187855203706 0.04419476943320859
0.02390795579428764 0.044235677205070635
0.023878675859510153 0.04431307874853296
0.023829279226862052 0.04424020458912054
0.023792618702281138 0.04435503679927479
0.02376921343764622 0.044270645243340026
0.023762992165032866 0.044275214350543324
0.02373109590563637 0.04417432339458132
0.023681087750209173 0.04405442386706152
0.023706625573012532 0.04402807617193189
0.023653744611886074 0.04391654437181454
0.02359508200730241 0.04380273015018052
0.0235645092333548 0.04374028139251925
0.02350542809070496 0.043660836552320836
0.023489618888907847 0.04373727877178032
0.023465160457146007 0.04384111740556146
0.02344571744731655 0.04391718382799386
0.023413644649347826 0.04400608457142984
0.023465771171496525 0.04393544476809718
0.023454060246313704 0.04400042052755642
0.023426766060333296 0.043932470350278606
0.02336647738279707 0.04362238632339992
0.023311187225366077 0.043530730895569573
0.023257313036435356 0.04347717413992642
0.023233965171096757 0.04354920388478641
0.02320405111518017 0.04344849221685989
0.023153304345593713 0.04335011881289482
0.02311531328799156 0.043449881634383146
0.02309223029460867 0.04350262001294823
0.023085556978562072 0.043549634413996695
0.02306085287718603 0.04363156341573342
0.02304381085719757 0.04373579517237113
0.02302214004787585 0.04377827365918039
0.023002425369391448 0.04385092288529479
0.022973108502728948 0.04390993812683229
0.02286059360331161 0.04373141892533289
0.022741657059268266 0.04354004903305496
0.022730929936351528 0.043510823229207914
0.022711573317385658 0.043572008023295916
0.022713191620026114 0.04361554804433906
0.02265308674529517 0.04347551754444373
0.022598531760162417 0.04340890064608453
0.02262168095256472 0.0433910116473215
0.022605443810452527 0.04352320973356138
0.022580907927418677 0.04360910407727644
0.022527080895173274 0.04352172024734759
0.02247456705919353 0.04345166803587788
0.02241289943312518 0.04336688176630004
0.02243853240139221 0.04332583380243907
0.02242696234057916 0.04338292862045992
0.022394870582796652 0.04323297819831938
0.022393387142457182 0.04332659205727343
0.022315627869103436 0.04327674502975965
0.02230464919793478 0.043434884013393765
0.02232348906335662 0.04343399064771092
0.022292967994002964 0.04350232893856755
0.022291156793996354 0.04353520763685093
0.022257598794882077 0.04357044358043688
0.022261663325118565 0.04351894006464636
0.022255080083944844 0.04345204816264567
0.022235688284834437 0.04354035397226854
0.02221596652647125 0.04360281280833065
0.022231878100137187 0.043556541205496985
0.022224406619534703 0.04354660285144602
0.022202854005535635 0.04353349523723053
0.022158162226330682 0.04349326889172503
0.022074654319247815 0.04316306203659903
0.022058262878350925 0.043236484077548876
0.022031869971315413 0.043320812474082745
0.021987548292442458 0.04322787504670613
0.02195372523361073 0.043108830597569724
0.021886363961373414 0.043052620566527255
0.021868994250631702 0.04312753435318922
0.021876470798109143 0.043120429865546456
0.021895763900289796 0.043106883955683344
0.021905474179348593 0.04310582986451184
0.021937945486981345 0.04308717345000422
0.021926030148539374 0.04314485901999607
0.021904527770867325 0.04298750935449418
0.021945602290075025 0.04294568775779241
0.021902994721081374 0.042856349160129786
0.021878636278366278 0.0429100903925027
0.021849540298138594 0.04299774829676738
0.021868715888981153 0.04299032630065223
0.021853766875197574 0.04306417401754743
0.021830789891459063 0.04313488798097561
0.0218588571763073 0.04309447077000692
0.021837848856181914 0.043151742985448174
0.021789770596707208 0.043106418139543815
0.02177863663837486 0.04316495603903923
0.021745577081977323 0.043111670765900174
0.02164721067165483 0.04295862056193027
0.02162653392392334 0.04304696427277411
0.021608023708745976 0.043122264569243944
0.0215860248147733 0.04317913014026
0.021583567877673165 0.043195875293345024
0.021580695510691403 0.043285464601820395
0.021530717096103342 0.04322256791653056
0.02152036814746151 0.04326167319821733
0.021513203485200028 0.0433179814908717
0.0215195464039147 0.043271520925602186
0.02150703688975346 0.043337037297246826
0.021492907815068987 0.043380518210276685
0.021422731861536017 0.04321666689738487
0.021357932442057533 0.04290662911966335
0.0213383937274182 0.04288576983443779
0.021359054982380853 0.04289511198358906
0.021361626462722536 0.04291614468795913
0.021390436974524044 0.042888934864990985
0.02135030661292914 0.0427846450781118
0.0213090545364235 0.04251921519601103
0.02133578267924754 0.04251468562478392
0.021335890994382167 0.042604730828499075
0.021342773497034728 0.042644549146228214
0.021331821973299664 0.042706172257168766
0.021327464552473363 0.04273292009030952
0.021316806750648523 0.04278158393555794
0.02122233235063297 0.04265151263334555
0.021210141500961878 0.04270222374462568
0.021209501546013775 0.04275890861624131
0.021201389712839087 0.042790457214278814
0.021114564345209582 0.042663770163479886
0.02109650938223477 0.04270573490521782
0.02108354738145794 0.04275939031838368
0.021101193057001453 0.042775941714168465
0.02108540141146973 0.04274950819876728
0.021080600005001365 0.042805012922471346
0.02106233535287127 0.04288802336369948
0.02105164968410933 0.04289998494824868
0.021028502673121018 0.04280309740028767
0.02103134086823344 0.04284321448246545
0.021033672346805025 0.042893328120135105
0.021035516632861063 0.04291608877372343
0.021071862982949656 0.04290243018560954
0.021070733022885105 0.04294018595200336
0.02105928531572019 0.0429859472399645
0.02105906971362714 0.04300119270354385
0.020973829403152736 0.04286888579402959
0.02096010085760884 0.04291264518026729
0.020968744988139353 0.04291325658260444
0.0209818638421671 0.042927716920339455
0.020971252608072328 0.04295931975217106
0.020965855500836066 0.04298137932228174
0.02095574908273249 0.042891172551382625
0.020987168016909825 0.042843782041913116
0.020986839955552714 0.04289373098131064
0.020963580522053753 0.04278518001556551
0.020961495901288377 0.04280588515907323
0.020963220392285972 0.042836869653751025
0.020956168114784023 0.042859830299826394
0.020965959514925143 0.042891391553743545
0.02096808363880756 0.04290578247174277
0.020988947126377853 0.0429067279700791
0.02098902984262826 0.04294098940636267
0.020982060987523265 0.0429580672505453
0.020979550135594882 0.04299505506226785
0.020981917327242177 0.043037870240698724
0.0209803379441691 0.043055791478739246
0.02098147827334122 0.04308067158770606
0.02097734185965811 0.04311134912106011
0.02098429820266449 0.04311882089186791
0.020991162074239768 0.04313174437867546
0.020985351929180756 0.0431722205683376
0.020977660390584546 0.04322158422777971
0.02098516484806257 0.04320059667990219
0.020981972259573895 0.04320508205512527
0.020993579158881177 0.04319006237535608
0.020990065472620965 0.04322242435953193
0.020986487386816344 0.04323410180148648
0.020989425434287282 0.043269405359278375
0.020992769906317908 0.04329866784317355
0.021011539143127707 0.0432853377360083
0.021010215552743985 0.04332774374672047
0.021017065525531776 0.04333192074909825
0.02100369578375449 0.04322791264183722
0.02100695846814695 0.04322839437769802
0.02100981748188205 0.04326391653069008
0.02100087840638891 0.04330742759141044
0.020972954773615327 0.04312424757927763
0.02095500457657414 0.04315831625189688
0.020957544517292623 0.04319481600337284
0.020972754037532133 0.043205999832225006
0.0209864733751506 0.04322830172959156
0.02099611331528684 0.043234643444105124
0.02099450445508819 0.043271188954353654
0.02102909331390142 0.04325644621701577
0.02104302927237519 0.043252550209076916
0.021073209155042582 0.043219243354250376
0.021082051996020614 0.04323531081992696
0.02108311851870749 0.04326559736756322
0.021081850256704688 0.043283170457685365
0.02109454259024623 0.04326222248069726
0.02111097095641026 0.0432539266878869
0.021113867353752223 0.043272239435427344
0.021117614272166935 0.04329386859177199
0.0211132984086159 0.04331963774561156
0.02112339930603042 0.043309387091221285
0.02113439588930262 0.04334027548977239
0.02113725136384598 0.043331821094732555
0.02113729951472984 0.04335407547454687
0.021143004485482758 0.04336605678001368
0.021142019673336017 0.04339350096022682
0.0211448245609247 0.043453181337681945
0.021148355243665956 0.043450538604638864
0.02111996383480615 0.043387652254475044
0.021124105587104144 0.04338229176279495
0.021089917030572995 0.043331253800828855
0.021089440411988458 0.043340776488176316
0.02105042606137826 0.04329780891224122
0.021047380092230412 0.043311645617062654
0.021038590440956247 0.0433281672488682
0.02103801709849988 0.043345987244531516
0.021044105200834835 0.04336079432310768
0.02103488040146259 0.04339221691033402
0.021041143939993404 0.043399207649799335
0.021041399164767514 0.04339727816015731
0.021039531674014338 0.043398822302532246
0.021046645385280206 0.043452231968450335
0.021049661097188182 0.04346120022922691
0.021045077421035868 0.043476080629295547
0.021038169068248277 0.04349015590269398
0.021039226053430372 0.04348806433743138
0.021032238375681484 0.04350148993568426
0.021030656488482874 0.04351332541865211
0.021023255903671514 0.04352410178674406
0.02102729308676759 0.04352685322225808
0.02102341129258001 0.04352970173837908
0.021034249636137144 0.04352756977244562
0.02103717487449837 0.043540698285347165
0.021043113000225187 0.043555829019059536
0.021045494214668874 0.04357027121465762
0.021051634959029383 0.043574545864602056
0.02105630320231673 0.043596218145377175
0.02106820921886161 0.04359993320610348
0.021068775879557407 0.04361895451298365
0.021096166761495963 0.04358700917571638
0.021092379941344018 0.043606990431579874
0.02108883968661482 0.043628737281541964
0.021089528154792977 0.04362366019408595
0.02109308571462066 0.043649868316551724
0.02109757018169223 0.04367348211307875
0.021090399080850575 0.0436906783766278
0.021090001649275956 0.043692709707606074
0.02108811707169049 0.04370285175550959
0.021098663488096404 0.04372352815710592
0.021101070895867324 0.043746856007675645
0.021094635430902477 0.04377171033457851
0.021092993332963883 0.04374974193765794
0.02108650403999108 0.043761932675282125
0.02107533888045956 0.04376375740874733
0.0210783191334236 0.04377337218819135
0.021081842362206598 0.043770652469138055
0.021077761831326477 0.04378882777231516
0.02107754243327771 0.043821578623416554
0.021076043505121492 0.04384721216245414
0.02107293012247963 0.043871396931370106
0.02106645560375923 0.04388819809587216
0.021061721712353394 0.043878603290205896
0.02105413933910426 0.04389452885441071
0.021051075726388375 0.04390026397142624
0.021048090553206333 0.0439336256021024
0.02104494934729938 0.04397668865687551
0.021042507611452297 0.0440012948777911
0.021043289161594477 0.04402146608179944
0.02103752082302495 0.04407381279726164
0.021040151937655134 0.04409095121622772
0.021043815227887397 0.044092248311885296
0.021044827320250172 0.04412748827328875
0.02104485784875419 0.04415171463199807
0.02104058892447604 0.04418127566099122
0.021034746831289655 0.04419641189130792
0.021034491249595694 0.044202436659896566
0.02103085081628993 0.04421647489778609
0.021030755760872013 0.044235767543249586
0.02103523230362537 0.044250879944779026
0.021033397084011383 0.04427710590105712
0.021035881175208514 0.04429832950188524
0.02103415750748035 0.04431385806841727
0.02103263486930785 0.04431612341429488
0.021032402602568598 0.044313540449337614
0.021036098350228332 0.044321408533646724
0.021033674540280392 0.04433088660225726
0.02099590809663575 0.04426784625354504
0.021003445320975214 0.044290540963330016
0.021002393344351996 0.04429598067535528
0.02100069441536191 0.044312148233294976
0.020957813951896016 0.044264640713738125
0.02095238404899852 0.04423518157120864
0.020965326251544004 0.04422519519905935
0.02096722378327592 0.044240546144178564
0.020942794500527818 0.04419871780604754
0.020886288397800202 0.04409606403466063
0.020842375839421067 0.04404541787416639
0.02083457886949658 0.04404368385278874
0.020777744940010463 0.04415219267664007
0.020821393828774532 0.04409106125083482
0.020785641283338097 0.04392058883879358
0.020746491945122483 0.043870693254797234
0.020740226817401786 0.043887847124469505
0.02075335398955792 0.04387301930323095
0.020717106829984087 0.04383817229206697
0.020682760921377268 0.043805513739042415
0.02066810914911886 0.04371930802152958
0.020624683358344886 0.04374646600544038
0.020644857438087274 0.04353897930731681
0.020667660577467547 0.04345659584087756
0.0206904203236235 0.043374369146020504
0.02071664947794745 0.04333815138465712
0.020693241326804026 0.043306557303872686
0.020659817191267565 0.04327090927145936
0.020644521137867227 0.04327821754604914
0.0206783881548036 0.04318514015654783
0.02066865314556055 0.04320988967018097
0.020643990674472878 0.043120789909628886
0.020650669495246143 0.04296597849711084
0.02067682552266068 0.04284601364665335
0.02070051808177589 0.042698738968864586
0.020676239920363198 0.04263421174362981
0.020691316533134135 0.0425325867051421
0.02073402796785235 0.04239115588089806
0.020752173798512234 0.042270297926320914
0.020768311001060434 0.04228527378630969
0.02074665487958437 0.0423324266938888
0.020761875361652138 0.04232864181899268
0.02079132030149676 0.042203085013434914
0.02082071020407065 0.04207776289349502
0.020867874405598657 0.04198924833588003
0.02085370639091534 0.04203651030868015
0.02089572934716852 0.0420031971816486
0.020937674048382125 0.041969946090235355
0.020925260380228874 0.04198934830751085
0.020969185575871102 0.04196396603785026
0.021016252808420847 0.04186928887442564
0.02101184241329449 0.041901383315423826
0.02101299468015809 0.04192896036143274
0.021012681702285263 0.04194210660821477
0.021006459150755837 0.041988588107801844
0.021011257909228427 0.04201757223459909
0.02100173863049718 0.042028068763933994
0.021011803560756326 0.04204086374957694
0.021015651824166703 0.04206445054509175
0.02099906458893216 0.04205342562439516
0.0210070186285861 0.04208879294946335
0.020977878139560653 0.04207144526437808
0.02097183654624075 0.042078212669722816
0.020976275346048047 0.04211631543561098
0.02095391040342614 0.042111519460332834
0.020933565577834268 0.04210660347991751
0.020944979422903767 0.04213483386469744
0.020912952940270464 0.042092434164924745
0.020902298734680476 0.0421282911291328
0.02088151520297056 0.04211927306554226
0.020873127215755634 0.042151343059000076
0.020874100783927495 0.042181940446576346
0.020850050784486956 0.04215751825857451
0.020851216712532532 0.0421870991877756
0.02084521444842787 0.04219673128063562
0.020849257270970176 0.042219372140062696
0.02084979176711393 0.042225458432626185
0.02082862721246574 0.04220089522504095
0.020833734536130095 0.042225269498486255
0.02084765599868176 0.04221393668011724
0.020850577191640657 0.04223773945511106
0.020849492313470448 0.04224760853036781
0.020851220912372 0.042349910037680245
0.020865280444933736 0.0423931600141343
0.02085469237562774 0.0423964774612976
0.020853326010858604 0.042425641453823326
0.02084600069049965 0.042451625349356016
0.020846727119216826 0.04247469083254315
0.020861488032522173 0.04241843049158596
0.0208973013478142 0.04232613676202439
0.020890139128722895 0.04233640875758038
0.020923541982575188 0.04229562090407184
0.020910522615966307 0.04227727798755031
0.020900899042349343 0.04229847470803029
0.020870588348254237 0.042274119706540554
0.020852168502267458 0.042270620998090445
0.020884319190235288 0.04220907418660691
0.02087250849189719 0.04220632999407441
0.020867126071373747 0.04223420339955722
0.020855745200377883 0.042265922505923634
0.020846778379315378 0.042272776746650406
0.02083799403523419 0.04228149214395185
0.020831439294626414 0.042293647495635134
0.020822428890274268 0.0423157485000616
0.020815968660766154 0.04231679213678392
0.020811122799602597 0.04233121057604107
0.020812181764155467 0.042330262527193324
0.02079560086672946 0.04237374591752243
0.02079408187936211 0.042385797100255244
0.02079028755483624 0.04239507666417159
0.02078827784812662 0.042405572664664465
0.020786947999148528 0.04241843785172879
0.020781960473944275 0.04244265029832262
0.02077749711755082 0.04246210403255071
0.020769742575062363 0.042474395421733584
0.020754688449439774 0.04246921481138561
0.020750943307537167 0.04247216216360245
0.020748263968969637 0.04248333305878163
0.020743252779183964 0.04249998123243032
0.020735259905972876 0.04250656611172992
0.02068327969443683 0.042439677500704286
0.020673483458954832 0.042473227171032434
0.020670870496949198 0.04248073230080085
0.020670340833263814 0.042492521493894736
0.02068316302635336 0.04249988623891776
0.020688515656074654 0.04249529623779341
0.020683898434542963 0.04249196876445069
0.020688743126302436 0.04249322828990141
0.020688955082600023 0.04250300202122767
0.02069140172581911 0.042510350386915675
0.020687863747458148 0.042493288645833634
0.020689074145149023 0.042503471150150546
0.02069622783828178 0.04249747435335436
0.020698027063266383 0.04249439692520346
0.020704133400367346 0.042514032620361714
0.020714055179206558 0.042520088903979264
0.020729771707517237 0.042501845711814486
0.020715465542579255 0.04252904133625523
0.02071060262404926 0.042419778382746104
0.020727433519021385 0.04241381412779405
0.02071173055009198 0.04224673094133488
0.020722268226838838 0.042234332618574934
0.02071420904151305 0.04210673908720366
0.020710624347118452 0.042034045228209714
0.020699880683022927 0.041952907436692354
0.020695830900002318 0.04183022380173707
0.02071432836008741 0.041836084457731744
0.02069742420476048 0.0417168286285457
0.020663330570469946 0.04148432666168344
0.020619650952660277 0.04124800897634585
0.02062916728794276 0.04125475413326608
0.020626595375677383 0.041201457963685115
0.02059190492096298 0.041010730860782864
0.02055727326362945 0.04082032702415673
0.020557853368487262 0.04078850236816095
0.02052306372304126 0.040598268108906745
0.020515240104359372 0.04053100007324219
0.020541794382454334 0.04054947291478123
0.020568303843202303 0.04056791457852865
0.020594768599969244 0.040586325143349006
0.020621188765739106 0.0406047046878411
0.020647564453115413 0.040623053290339106
0.020608548008220304 0.040380176456479004
0.020626314352851192 0.04039825106341037
0.020647120610020265 0.040430095223268216
0.020663919346712568 0.0404459694332976
0.020685488922475546 0.04045269137105062
0.0207038628195914 0.04047990226690467
0.020717464142919844 0.040487515293614884
0.02073371328938716 0.040509325889338865
0.020750332559273697 0.0405208579836618
0.020768132154717303 0.04054222030303461
0.020795198553628477 0.04054271676317831
0.020768000575440038 0.040354430489987145
