0.0241711158083785 0.10401881537107364
0.027465320939423866 0.06793808280939918
0.028197423199941146 0.061396728863190995
0.02828898185964586 0.05922215043966508
0.02790468829558799 0.058136561057702006
0.027282426214386406 0.05723020340959956
0.026681055025208907 0.056739346283921015
0.02595543410629386 0.05609724051355318
0.02526901261321045 0.055354247168517584
0.02461002594469713 0.05432127202496891
0.023970987777054854 0.05347611054388364
0.02343845597068629 0.052771809309645916
0.02290334580640287 0.052260217517712475
0.0224446799513028 0.05190003235932248
0.022047169543549402 0.05166096493341929
0.02169934793676518 0.05152029840059513
0.021392446519014396 0.05146066090623394
0.021058610700213327 0.05122493670590164
0.020759915493917636 0.051014025579288524
0.02049108980825151 0.05082420556533672
0.02014323071766471 0.05039133840187813
0.019826995180767623 0.050047683595825815
0.019538258386209408 0.04968621888003801
0.01931936189459221 0.04944628338824017
0.019117977122304387 0.04922554273578616
0.0189320834863464 0.049021782133520916
0.018759959749348257 0.048833114909201246
0.018600130564992844 0.04869709279576658
0.018451324083006766 0.04857045151774121
0.018312438033153095 0.0484522529915842
0.018182512373612566 0.048377055024581846
0.018026372890247448 0.048306556930517136
0.017879696405874154 0.04824033144821393
0.01774164794999341 0.04821025185562683
0.017611487977305846 0.048181891096901845
0.017519078383141703 0.04818556137117609
0.01743166390217562 0.04818903325224632
0.017348850183365648 0.04819232240273391
0.017270283321930546 0.04813921454662563
0.0171956448035672 0.04808876208332277
0.017151443754226416 0.04798727440023904
0.017109347516759004 0.04789061946396882
0.017069209243824962 0.04779846010612978
0.017030895437842468 0.047735415461286616
0.016994284467681416 0.04767517280065871
0.016959265278831716 0.04761754938614506
0.016925736268230938 0.04758571037823796
0.016893604299738525 0.04753235173979614
0.01686278384016417 0.047458788787491935
0.01683319619897279 0.0473881683532799
0.01682631046634591 0.047277302211700026
0.016798562222389166 0.0471917951051044
0.016771861081977958 0.04710951468177653
0.01674614887269309 0.047030281681534884
0.016721371652836766 0.04693398556246527
0.016697479333689594 0.046841128590505286
0.01667442534153004 0.04675152975791232
0.01665216631461737 0.04666502054023636
0.01664928254377643 0.04660003600004129
0.01664649489863019 0.04655549818465543
0.01664379865168546 0.04651242062551174
0.016641189380448628 0.04645304178749909
0.016638662943219314 0.04639554799196303
0.016636215457153415 0.04632271122853714
0.01661694140059098 0.046252115596293594
0.016614897195051753 0.046183659225633174
0.01659651666647777 0.04611724632872382
0.016594832948367833 0.04606891818666505
0.01659319803368137 0.046037887011161065
0.01659160983084309 0.04602340999290206
0.016590066366112932 0.0460093407779743
0.016588565775403057 0.0459956623745723
0.016587106296767424 0.045982358721948446
0.01658568626350032 0.04596941462750361
0.01658430409778701 0.045956815708910644
0.016582958304855625 0.04594454834080696
0.016581647467584795 0.045932599605641035
0.01658037024152604 0.04592095724829988
0.016579125350304216 0.04590960963418255
0.016577911581362938 0.045898545710418154
0.016576727782025145 0.04588775496995658
0.016575572855841936 0.04587722741828675
0.016574445759205306 0.04586695354256078
0.016573345498202885 0.04584386798939803
0.016572271125694638 0.04582132562572147
0.01657122173859356 0.04579930750306064
0.016570196475333886 0.04577779554413914
0.01656919451351193 0.045756772493374946
0.016555870999658932 0.04577318656985671
0.016542843563891556 0.04581359894583866
0.016530102445393793 0.0458531231377331
0.01652957985180258 0.04590370289706703
0.016529068496783216 0.045953194919641095
0.01652856802165788 0.04600163392045826
0.016528078082850974 0.04604905315283717
0.016516154371369145 0.04608406614508087
0.01650447650960859 0.046118357219958724
0.01649303697155743 0.046151948476981924
0.016481828535285084 0.046195933451926095
0.0164598576758062 0.046249999118616617
0.016438321882851648 0.04630299417804594
0.016427979528907958 0.046333457964616395
0.01641783799737094 0.04637397255715851
0.01640789149528656 0.046403168017265
0.016398134450384735 0.046431807373369445
0.01638856150066974 0.04644956410542044
0.016368899641667187 0.04646698893593777
0.016349601891164682 0.0464942418199405
0.016330658227827363 0.04651093704150779
0.016312058994732537 0.04652732871359204
0.016293794882954737 0.04654342504023332
0.01627585691603011 0.0465592339324703
0.0162485134823124 0.04655535678275385
0.016221649757958156 0.04655154765320786
0.016185699093864723 0.04654780476939311
0.016150368268807384 0.04653467279494171
0.016115641389477523 0.04652176529868607
0.016081503101322742 0.046499782262908136
0.01605717155346229 0.04648738489711085
0.01603324553139951 0.04646605474860901
0.016009714980775785 0.04644507716454522
0.015986570176883597 0.04641545302933359
0.015963801711266077 0.046386310587377445
0.01594140047896497 0.04635763818480769
0.01592814721583242 0.04632942454067905
0.015906384530833186 0.0463016587321715
0.015884964565282756 0.04627433018049083
0.015863879286694055 0.046238858812930016
0.015843120911649362 0.04620393738905231
0.01582268189622074 0.04616955321784964
0.0158025549268292 0.04613569399582564
0.01578273291151935 0.04610234779231716
0.015763208971627692 0.0460612546291755
0.01574397643382397 0.046020774796826994
0.015725028822506225 0.04598089466569846
0.015706359852531392 0.045925465955077065
0.01568796342226422 0.045854826440677655
0.015677795155344888 0.045777257780724986
0.0156598689233347 0.045700805216598965
0.01564219878035323 0.04561760493314365
0.015624779277697736 0.045535584795552954
0.015607605120150067 0.045454719871167754
0.015590671160610059 0.04535963337030451
0.01557397239495255 0.0452658675152866
0.015557503957097214 0.04517339498240686
0.015533735597029514 0.04508218919655287
0.015510290616010357 0.04499222430574452
0.015487162459059024 0.044910892368640154
0.01546434474716744 0.04483065213538954
0.015441831271434413 0.0447514817719156
0.015412339466211228 0.04468062934649135
0.01538323571105677 0.04461793014925923
0.01535451239714616 0.044556050549376544
0.01532616211328634 0.04449497458066117
0.015298177639540837 0.04443468668896148
0.015263508471623237 0.04438924168611252
0.015229280949156817 0.04435136492391555
0.015188532223684232 0.04431396761440462
0.015155206784820779 0.044277040711302625
0.015122297913943119 0.04424057539448941
0.015089797848914873 0.04421137816335055
0.015057699019257343 0.04418254139185539
0.01502599404027046 0.044154058445777335
0.014994675707368782 0.04412592285270024
0.014963736990623488 0.044098128297114986
0.014933171029501632 0.044070668615693406
0.014902971127794408 0.04404353779273197
0.014873130748726556 0.04401672995575817
0.014843643510239389 0.043990239371292934
0.014814503180440305 0.043964060440762585
0.014785703673211971 0.04393818769655422
0.014757239043974666 0.04391261579820875
0.014729103485595594 0.04388733952874589
0.01470129132443927 0.04386235379111593
0.014673797016553304 0.04383765360477317
0.014646615143984226 0.04381323410236613
0.014619740411218185 0.04378909052653995
0.014593167641741654 0.04385760906152988
0.014566891774717372 0.04392536202629644
0.014540907861771138 0.04399236218034338
0.014515211063885083 0.04405862200119643
0.014489796648393382 0.044124153692149996
0.014464659986076451 0.044188969189759814
0.014439796548349924 0.04425308017109125
0.014415201904544763 0.04431649806073263
0.014390871719275142 0.04437923403758216
0.014366801749890757 0.04444129904141726
0.014342987844010464 0.04450270377925411
0.014319425937134192 0.04456345873150539
0.014296112050330304 0.0446235741579435
0.014273042287995565 0.04468306010347649
0.014250212835685146 0.04474192640374352
0.01422761995801007 0.044800182690536275
0.014205259996599684 0.04485783839705282
0.01418312936812684 0.0449149027629897
0.014161224562393517 0.044971384839478254
0.014139542140474744 0.04502729349387047
0.014118078732918787 0.04508263741437994
0.014096831038001583 0.04513742511458278
0.014075795820033552 0.0451916649377836
0.014054969907716944 0.04524536506125107
0.014034350192551986 0.045298533500327774
0.014013933627290129 0.045351178112418504
0.013993717224432801 0.04540330660086128
0.013973698054774083 0.04545492651868511
0.013953873245985836 0.04550604527225822
0.013934239981243853 0.04555667012483062
0.01391479549789362 0.04560680819997444
0.013895537086154392 0.0456564664849255
0.013876462087860301 0.0457056518338294
0.013857567895237245 0.04575437097089536
0.013838851949714405 0.045802630493460686
0.013820311740769245 0.04585043687496907
0.01380194480480488 0.04589779646786522
0.013783748724058789 0.04594471550640885
0.013653802005024274 0.04604694709744808
0.01352505295160298 0.04614319542631704
0.01339748508215803 0.046233542095474735
0.013271082216087004 0.04632306368089583
0.013145828466980262 0.04641177143372218
0.013021708235964982 0.04649967640145509
0.01289870620522912 0.04658678943254175
0.012776807331719589 0.04667312118083839
0.01265599684100925 0.04675868210995382
0.01254114330435619 0.04681429309511107
0.012427306170682363 0.046869411947656314
0.012309631947078492 0.04691439595848719
0.012197808785442495 0.04695418101899709
0.012086962245305503 0.04698883465032966
0.0119818566555989 0.04702318694573759
0.011877661070997981 0.047057241818674454
0.011774363724195347 0.04709100311512048
0.011671953049897456 0.0471244746150305
0.011579808859750906 0.04714829487380852
0.011493124641945634 0.047171912406979925
0.011411831080006674 0.047190686083734154
0.01133586001616352 0.047204676695180234
0.011265144427006461 0.04721854973846291
0.011199618399754217 0.04722772024335734
0.011139217109115048 0.04723681432737766
0.011079317073999855 0.047245832941821046
0.011019912080497183 0.04725477702226077
0.010974562648067154 0.04725913605085547
0.010929584932296387 0.04725896592482841
0.010889459690354618 0.047258797187585244
0.010854127734943037 0.047258629822189584
0.010819081868239242 0.047254024503130154
0.010788749648422337 0.04724503446776685
0.010763074252590437 0.047231712108767344
0.010737604259925196 0.04721849632863983
0.010716715199938309 0.047201015995333405
0.010700352485060858 0.047179321468100756
0.010688462380280574 0.0471577984391071
0.010676665898372574 0.047132125835388075
0.01066927106082793 0.047106654585423714
0.01066622620295124 0.047077096642438206
0.010663205040466587 0.047047768722355304
0.010664466139855219 0.047018668150490106
0.010669959797180925 0.0469855558797206
0.010675411195604126 0.04694425702049997
0.010680820820859332 0.04689906964251801
0.010690382760115323 0.04685422720635271
0.010704049527519435 0.046805552447137896
0.010717612758806847 0.046757246436098944
0.010735219509832462 0.04670516285563932
0.010752693879271418 0.046653470881047814
0.010770037354557274 0.046598054698900535
0.010787251400923088 0.04654305207035137
0.010808421558670591 0.04648845838327841
0.010829434900434781 0.04642613678823285
0.010850293162185951 0.04636022358177723
0.010870998054365422 0.046294795031251425
0.0108915512623531 0.046229845810766106
0.010911954446924811 0.04616537067218214
0.010928214255410885 0.04610535706145048
0.010940375589947064 0.046045778331956014
0.010956415395689475 0.04599059330574126
0.01097629168503952 0.045931856019465124
0.010996025492028633 0.045873539789004596
0.011015618343253536 0.04581564010304735
0.011035071743580043 0.04575424514837017
0.011054387176528348 0.04569328561890346
0.011073566104650162 0.04562887690316307
0.011092609969897879 0.045564921769927894
0.011111520193985964 0.0454937092212833
0.01113029817874476 0.045422994662489356
0.011141289274245288 0.04534894630411267
0.01115220404269373 0.045263971100535504
0.011163043276412425 0.04517578310596113
0.011173807756795127 0.04508441539155464
0.01118449825449479 0.04498612538620566
0.011195115529607466 0.044888508600071396
0.011205660331852479 0.04479155814012235
0.011216133400748887 0.044695267207111734
0.01123025973423989 0.04459962909398594
0.011244290619531631 0.044504637184327206
0.011258227020747332 0.04441028495082779
0.011272069889068969 0.04431656595379482
0.01129684271863087 0.04422714802786451
0.011325112045130576 0.044134664280554965
0.011356842861172962 0.044046444818163194
0.011388363539360761 0.0439588095906217
0.011419676160266793 0.04387175281342701
0.011450782777087918 0.04378526877818755
0.011481685416093821 0.04369935185137589
0.011512386077067007 0.04361399647310549
0.011542886733734176 0.04352919715593131
0.011573189334189224 0.04344494848367384
0.011603295801307992 0.043361245110265935
0.011633208033155025 0.04327808175862195
0.011662927903382464 0.04319545321952874
0.011692457261621266 0.043113354350557916
0.01172179793386493 0.04303178007499904
0.011750951722845897 0.04295072538081316
0.011779920408404762 0.042870185319606235
0.011808705747852496 0.04279015500562214
0.011837309476325795 0.04271062961475466
0.011865733307135742 0.04263160438357817
0.011949046337587315 0.042566848521236746
0.012031838661598567 0.04250249738303495
0.012114115145584825 0.0424385471865042
0.012195880595509058 0.04237499419616308
0.01227713975781766 0.042311834722790015
0.012357897320358928 0.04224906512270938
0.012438157913284557 0.04218668179709078
0.012517926109934569 0.04212468119126125
0.012597206427705987 0.04206305979403006
0.012676003328905627 0.04200181413702589
0.012754321221587338 0.04194094079404607
0.012832164460374006 0.041880436380417635
0.012909537347264684 0.04182029755237004
0.012986444132427104 0.04176052100641912
0.013062889014975937 0.04170110347876219
0.01313887614373705 0.04164204174468405
0.013214409617998099 0.04158333261797354
0.013289493488245688 0.04152497295035059
0.013364131756889434 0.04146695963090345
0.01343832837897316 0.04140928958553588
0.013512087262873498 0.041351959776424155
0.013585412270986188 0.041294967201483686
0.01365830722040027 0.041238308893844916
0.01373077588356047 0.04118198192133854
0.013802821988917986 0.04112598338598963
0.013874449221569933 0.041070310423520655
0.013945661223887667 0.0410149602028631
0.014025974327670379 0.04092817872448123
0.01410266303881391 0.04084189742753094
0.014178911010238226 0.04074979709677507
0.014254722030536902 0.040658224561610924
0.014330099845005297 0.04056717529807629
0.014405048156257351 0.04047664483376407
0.014479570624831834 0.04038662874708999
0.014553670869788333 0.040297122666572704
0.0146273524692931 0.040208122270126136
0.014700618961195023 0.040119623284363776
0.01477347384359188 0.04003162148391468
0.014845920575387072 0.03994411269075102
0.014917962576837042 0.03985709277352683
0.014989603230089516 0.03977055764692783
0.015060845879712811 0.039684503271032165
0.01513169383321631 0.03959892565068163
0.015202150361562332 0.03951382083486341
0.015272218699669531 0.03942918491610205
0.01534190204690801 0.03934501402986135
0.015411203567586277 0.039261304353956215
0.015480126391430237 0.03917805210797406
0.01554867361405434 0.039095253552705704
0.01561684829742505 0.039012904989585546
0.015684653470316785 0.03893100276014084
0.01575209212876046 0.03884954324544988
0.01581916723648476 0.038768522865609015
0.015885881725350326 0.03868793807920815
0.015952238495776937 0.0386077853828148
0.01601824041716383 0.038528061310466336
0.016083890328303332 0.03844876243317039
0.016149191037787832 0.03836988535841326
0.016214145324410345 0.03829142672967605
0.01627875593755867 0.03821338322595862
0.016343025597603304 0.038135751561310945
0.01640406979650733 0.037966006125519716
0.01646479355342236 0.03780291656663809
0.016525199384908512 0.037643555979054895
0.01658242494792752 0.03748502756164184
0.016642209833951493 0.03733018508284417
0.01670168414913898 0.03717614698055974
0.016760850307252953 0.037025752590263236
0.016819710697107942 0.03687897379631283
0.016881095352771262 0.036732951594083824
0.01694216440609184 0.03659050404261297
0.017002920284780003 0.03645160376019439
0.01706336539171017 0.03631622363846755
0.017123502105237633 0.03617873172586781
0.017183332779510504 0.03605032593881116
0.017245644105280036 0.035922571957780175
0.017304862619176735 0.03579824633534041
0.017366552347746252 0.03566899974918906
0.017427931296826755 0.035540404279340736
0.017489001808977205 0.03540969466096299
0.017547016734504768 0.035285147199187655
0.01760199874562134 0.03516396920892486
0.017656706532243566 0.03504887559822247
0.01770841271007676 0.03493708787921098
0.017759862281568353 0.03482858150153431
0.017808341004248936 0.03472605206452353
0.017853870662219575 0.034626742182380967
0.017899176036160803 0.0345306280979754
0.017941562216335367 0.0344349863186529
0.01798105045975821 0.034350586842381695
0.018017661821994248 0.0342692868761572
0.01805409459221938 0.034193743960248636
0.018090350074024927 0.03412391599490306
0.018123765122990215 0.03405976123757477
0.018157018355737756 0.03399857775352371
0.018187459195628412 0.0339403439605065
0.01821510779448467 0.033885038477909454
0.01824262346738489 0.03383528129143835
0.018267374149330634 0.03379103217990155
0.01828937951994078 0.03374962306902858
0.01831127985298238 0.033713655343155194
0.018330461362949937 0.03368047435583469
0.01834694327279143 0.033652669153793904
0.018363347069316135 0.033627598439898994
0.01837707701905387 0.033602646263658435
0.018388151903183804 0.033585582272563384
0.01839659033234493 0.03357118235913235
0.01840498914446774 0.03356200500082682
0.0184107762604617 0.033555441818320125
0.01841653633385756 0.033548909304890566
0.01841970907123445 0.033547525128455616
0.01842286705169331 0.0335461473900506
0.0184260103779505 0.03354222906721458
0.01843168185317258 0.03353578762509248
0.018437327132204258 0.033531911326299485
0.018440415412241902 0.03352805289063457
0.018443489493290874 0.03352421219490374
0.018446549473050626 0.033520389117043234
0.018449595448326354 0.0335140713526346
0.018452627515039177 0.03350778243646527
0.018455645768236228 0.03350152217139466
0.01845865030210056 0.033495290362074374
0.018461641209960977 0.033489086814927876
0.01846461858430166 0.03348291133813046
0.018467582516771733 0.03347676374158946
0.01847053309819464 0.033470643836924774
0.01847347041857745 0.03346455143744959
0.018476394567119973 0.03345848635815143
0.018471932887629775 0.033430337815233614
0.01846503884498014 0.03340721837343654
0.01845817551076102 0.03338175571402279
0.01845134268024954 0.033356406221984214
0.018444540150538553 0.03333116914454448
0.018437767720516553 0.03330604373558899
0.01843102519084785 0.0332786045389848
0.01842431236395302 0.03324886673310277
0.018417629043989595 0.03321925964285099
0.01841338429572427 0.03319219128326993
0.018406754137047836 0.03316764487848523
0.018400152931029378 0.03313840906143296
0.01839358048843584 0.03311169376429234
0.01838703662167966 0.03308509462061755
0.018380521144800953 0.033056228126144505
0.018374033873449856 0.033027486594851
0.018365201710844988 0.0329988692170404
0.01835640761790652 0.03297037518999622
0.018347651349023702 0.03294909014203955
0.01833893266069403 0.0329231824114212
0.018327898648371192 0.032899737661710796
0.018316911789947172 0.03287873999125873
0.018305971783797878 0.032857831863111364
0.018295078330866243 0.03283467580445935
0.018284231134634954 0.03280462160090015
0.01827342990109956 0.032774694745661116
0.01826267433874191 0.03273792668442419
0.01825428207766312 0.03270131376268615
0.01824592515242045 0.03266485500061859
0.018235295160305972 0.03263085745615301
0.01822470973838904 0.03259700245904368
0.01821416860694038 0.03256328911464191
0.01820367148856666 0.03252971653577001
0.01819321810818617 0.03249628384264341
0.018175955258573295 0.03248125902260926
0.018158764039041805 0.03246401806158389
0.01814164400468436 0.032451395900047184
0.01812459471427054 0.03244109470823794
0.018105350152642124 0.03243309999304314
0.01808618478674057 0.032425138177910866
0.018067098128707198 0.032417209060171336
0.018045838001344374 0.03242730753800813
0.018024664827467694 0.03243736471327707
0.01800357807470888 0.03244738083885104
0.01798257721503666 0.03245735616554284
0.017959428300068744 0.03250517737202496
0.017936373295506375 0.032552804577669424
0.01791341163104345 0.03260023896061897
0.017890542740982396 0.032647481689495994
0.017867766064187714 0.03269453392349851
0.017845081044040097 0.03274139681249499
0.01782469364430437 0.03282322887846717
0.01780659001440494 0.03290035159571532
0.017788558799025102 0.03297716582209447
0.01777059956454499 0.033049308167453925
0.017752711880799858 0.03312116309311076
0.01773271077562063 0.033201426716517386
0.0177127890399064 0.03328137183348192
0.017690770271611183 0.033371817423119565
0.017668838534020688 0.03346190552030805
0.017646993312160332 0.03355163824038731
0.017620907845180254 0.03365605642825156
0.017594924875123475 0.03376649085623546
0.01756688912312058 0.03387435464574412
0.01753896310008834 0.033981796267779155
0.017511146163083573 0.03408881819597812
0.01748343767417629 0.034195422884690935
0.01745583700040094 0.0343016127691675
0.017428343513708214 0.034407390265743194
0.017398826953912472 0.034502188184235956
0.017369424578100468 0.034596619379639766
0.017340135724974996 0.03467382021777007
0.017310959738335557 0.03475072355748753
0.017281895967029344 0.034827331115129166
0.01725294376490281 0.034903644593854706
0.017224102490753776 0.034979665683772865
0.01717856250310258 0.03504494448905663
0.017133196332198144 0.03510997413859504
0.01708800298480192 0.0351747560561352
0.01704298147522849 0.03523929165459727
0.016989790677964803 0.03527450021603039
0.016936801360993785 0.0353095754117005
0.016884012381705074 0.03534451799793519
0.01682520341006526 0.03535657361517061
0.016766615941143488 0.0353685838251848
0.016704118497955243 0.0353722993936422
0.016641855566748947 0.03537600102000407
0.01657982583004155 0.035379688782596806
0.01651802798020035 0.03538336275916115
0.01645646071935109 0.03538702302685772
0.01639512275928712 0.03539066966227236
0.01633401282137952 0.035394302741421524
0.016273129636488276 0.03539792233975752
0.016212471944874407 0.03540152853217375
0.01615203849611308 0.03540512139300988
0.016091828049007707 0.035408700996056953
0.016031839371504927 0.03541226741456241
0.015972071240610612 0.03541582072123513
0.015912522442306738 0.03541936098825033
0.015853191771469176 0.0354228882872545
0.015794078031786413 0.035426402689370154
0.015735180035679138 0.03542990426520073
0.015676496604220703 0.03543339308483519
0.015618026567058482 0.0354368692178528
0.01555976876233605 0.0354403327333277
0.015501722036616235 0.03544378369983349
0.015443885244804991 0.03544722218544775
0.015386257250076099 0.03545064825775655
0.01532883692379668 0.03545406198385883
0.015271623145453519 0.03545746343037081
0.01521461480258017 0.035460852663430326
0.015157810790684862 0.0354642297487011
0.015101210013179163 0.035467594751376987
0.015044811381307413 0.03547094773618618
0.014988613814076915 0.03547428876739533
0.014932616238188876 0.03547761790881371
0.014876817587970064 0.0354809352237972
0.014821216805305222 0.03548424077525238
0.014765812839570165 0.03548753462564047
0.014710604647565621 0.03549081683698125
0.014655591193451747 0.035494087470856986
0.014600771448683344 0.03549734658841625
0.014546144391945761 0.03550059425037778
0.014491709009091467 0.035503830517034166
0.014437464293077294 0.035507055448255685
0.014383409243902332 0.03551026910349391
0.014329542868546478 0.03551347154178541
0.014275864180909635 0.035516662821755335
0.01422237220175153 0.03551984300162102
0.014169065958632166 0.035523012139195495
0.014115944485852905 0.035526170291891035
0.014063006824398141 0.03552931751672258
0.014010252021877589 0.035532453870311176
0.013957679132469177 0.0355355794088874
0.013905287216862515 0.03553869418829469
0.013853075342202955 0.035541798263992674
0.013801042582036223 0.035544891691060475
0.013749188016253624 0.035547974524199964
0.013697510731037804 0.03555104681773898
0.013646009818809068 0.03555410862563451
0.013594684378172253 0.035557160001475886
0.013543533513864135 0.03556020099848787
0.013492556336701374 0.03556323166953377
0.013389657723757385 0.03537098172430339
0.013288962675130873 0.035183079279895876
0.013190460211603573 0.03499950352829699
0.013094139423595995 0.03482023376722855
0.012999989470578614 0.034645249399190815
0.012907999580489061 0.03447452993051652
0.012818159049155228 0.03430805497043624
0.012730457239724258 0.03414580423015513
0.012644883582097314 0.03398775752194087
0.012561427572370068 0.033833894758222634
0.012478249749341912 0.03368054487038346
0.012395348724393717 0.0335277052983108
0.012312723118133057 0.033375373498902836
0.012230371560317706 0.033223546945927405
0.01214829268977989 0.03307222312988235
0.012066485154351289 0.032921399557857285
0.011984947610788789 0.032771073753396655
0.01190367872470096 0.03262124325636423
0.011822677170475263 0.03247190562280889
0.01174194163120597 0.03232305842483173
0.011661470798622807 0.032174699250454485
0.011581263373020276 0.03202682570348928
0.011501318063187688 0.03187943540340959
0.011421633586339873 0.03173252598522249
0.011342208668048564 0.03158609509934218
0.011263042042174463 0.03144014041146474
0.011214434594170807 0.03136234469028541
0.011165984706776565 0.03128480114324281
0.011117691615134406 0.03120750854619063
0.01106955455932954 0.03113046568289306
0.01102866053167353 0.031071393237915468
0.010987898207810293 0.03101251104235809
0.010947266952512531 0.030953818178619225
0.010913820637268699 0.030909424716620875
0.010880481521753213 0.0308651735413597
0.01085076530175737 0.030829854835412705
0.010822899365091909 0.030798159490120883
0.01079687488412172 0.030771822302078262
0.010772683083213438 0.0307490678459205
0.010748568203770683 0.030726385740974683
0.01072801841509945 0.03071249383392022
0.010709275278694278 0.03070212714925217
0.01069059145601191 0.030691793270548256
0.010677174721735596 0.030688431287243693
0.010665533580776465 0.03069027500800155
0.010655659631966234 0.030695570268670612
0.010647544522801533 0.030706025765487987
0.01064117994906216 0.03071989357618759
0.010636557654432985 0.030738876396081853
0.010631949827079644 0.030757799801829345
0.010627356399186784 0.030776664071933874
0.010622777303362231 0.030795469483161322
0.010618212472633707 0.030814216310553172
0.01061366184044555 0.030832904827439913
0.010609125340655492 0.030851535305454335
0.010609713624906777 0.03087520907399551
0.01061030008784459 0.03090050693193089
0.010612582967750878 0.030925726589378064
0.01061485880173153 0.03095256037700368
0.01061712762235631 0.030979311471909333
0.01061938946199455 0.031005980255753744
0.010621644352816699 0.03103256710785055
0.010623892326795835 0.031059072405186322
0.010626133415709185 0.031085496522438374
0.01062836765113962 0.031111839831992404
0.010628917576378695 0.031139776413024834
0.010629465825016431 0.03116929879806055
0.010630012404708544 0.03119873131282219
0.010630557323064204 0.031229740080007836
0.010631100587646405 0.0312606547386436
0.010631642205972295 0.031291475716495626
0.010632182185513539 0.03132220343874144
0.010632720533696651 0.03135283832798953
0.010633257257903343 0.03138338080429871
0.01063379236547086 0.03141383128519733
0.010634325863692309 0.031447485980302066
0.010634857759816995 0.03148103961025635
0.010635388061050754 0.03151449262962605
0.010637561616928243 0.03154784549025513
0.010639728674880836 0.031581098641285915
0.01064188926400372 0.0316142525291793
0.010644043413218637 0.031647307597734695
0.010646191151275177 0.03168026428810987
0.010646699884605725 0.031711494824337175
0.01064720710834182 0.03174425848710499
0.010647712829192772 0.031778548270967294
0.010648217053828188 0.03181273660576491
0.010650342764808076 0.03184682394105057
0.010652462205254102 0.03188242654549554
0.010654575402871127 0.03191953752614469
0.01065668238520104 0.03195653935685074
0.010658783179623967 0.031993432518450465
0.010660877813359435 0.03203342917717757
0.010662966313467566 0.03207491189768239
0.010663442340323218 0.03211627332368282
0.010665520998785831 0.03215911227632381
0.01066759359701969 0.03220182633405915
0.010668060809662651 0.03224600946454434
0.010668526664129326 0.03229165504377116
0.010668991166333396 0.03233716812494508
0.010667861885576963 0.032382549284144586
0.010666735873361071 0.032427799094113405
0.010665613115515745 0.03247291812428463
0.010662908020579197 0.032517906940804565
0.010661794013985272 0.03256118897255757
0.010660683213165718 0.032605921316442514
0.010659575604302541 0.03265052511910941
0.010658471173657052 0.0326950009338203
0.010657369907569283 0.0327409171878941
0.010656271792457447 0.032788267477042596
0.010655176814817358 0.032837045429878274
0.010654084961221891 0.03288568421594409
0.010652996218320429 0.03293730073536181
0.010653473561797546 0.03299032599307982
0.01065394954918524 0.03304320061086114
0.010654424186254103 0.033095925229726764
0.010654897478742036 0.03315159771792072
0.010655369432354471 0.03320711271675627
0.010655840052764612 0.03326247089356122
0.010656309345613652 0.03331767291189845
0.010656777316511004 0.03337271943159248
0.010657243971034524 0.03342914846989775
0.010657709314730732 0.03348695395453432
0.010659714383556092 0.0335461298436872
0.010661713835942168 0.03360513997404693
0.010663707695454435 0.03366551305278222
0.010665695985526724 0.03372571749163277
0.01066767872946213 0.03378727748957525
0.010669655950433928 0.03384866601120034
0.010671627671486472 0.033909883771986414
0.010673593915536092 0.033970931483436974
0.010675554705371983 0.03403483915747504
0.01067751006365708 0.03410008196065722
0.010679460012928943 0.034165144285822305
0.010681404575600607 0.03423304203709604
0.010683343773961452 0.03430225757314906
0.010685277630178052 0.03437128243279421
0.010687206166295019 0.03444011740286676
0.010689129404235841 0.034508763265878664
0.010689540157704288 0.03457871735423576
0.010689949785820767 0.03464997401221
0.010690358293203686 0.034721035713527665
0.010690765684446213 0.03479190325719146
0.010691171964116456 0.034861089328707164
0.010691577136757623 0.03493008688231684
0.010691981206888204 0.0349988966874813
0.010692384179002125 0.03506751950947957
0.010692786057568926 0.03513595610943713
0.010693186847033919 0.035204207244354156
0.010690612821969581 0.03525601990798378
0.010689530625513399 0.035309169412879926
0.010688451349965331 0.035365124503105166
0.01068885582076421 0.03542092877098478
0.010689259202812622 0.035476582825491904
0.010688184643997546 0.03553502343271637
0.01068711296990412 0.035593307152404656
0.010686044168931588 0.0356514346154718
0.01068497822954131 0.035709406449454424
0.010683915140256357 0.03576576317347439
0.010682854889661081 0.035820511008048894
0.010681797466400727 0.03587656930806001
0.010680742859181011 0.035931023798022356
0.010679691056767733 0.03598533346221352
0.010678642047986362 0.03603804797676641
0.010677595821721652 0.03609207164161125
0.010675096995897502 0.036147399011644064
0.010674058226649482 0.03620258001297309
0.010671570675920075 0.03625617223392
0.010670539299625187 0.03630962305059
0.010669510641054397 0.03636293302189327
0.010668484689479845 0.036416102703798386
0.010667461434230063 0.03646913264935158
0.010666440864689597 0.036522023408695974
0.010665422970298648 0.036574775529090574
0.010664407740552702 0.036627389554929175
0.010663395165002169 0.036679866027759044
0.010662385233252029 0.03673220548629954
0.010661377934961472 0.03678440846646053
0.010660373259843548 0.036835052938405936
0.01065937119766481 0.03688414474671898
0.01065837173824498 0.036933109043841596
0.010658800009249507 0.03698336358842875
0.010657803878984152 0.037030656855369444
0.010656810326028667 0.03707782775939438
0.010655819340393483 0.037120639424965095
0.01065483091214058 0.0371633406088182
0.010653845031383178 0.03720593173807375
0.010652861688285381 0.037248413237652975
0.010651880873061872 0.0372907855302924
0.010650902575977577 0.03733304903655791
0.010649926787347342 0.037375204174858644
0.010648953497535623 0.03741725136146078
0.01064798269695616 0.03745919101050127
0.010647014376071663 0.03750102353400143
0.010646048525393505 0.03754274934188041
0.010645085135481406 0.03758436884196863
0.010644124196943128 0.03762588244002099
0.010643165700434172 0.03766729053973015
0.010642209636657473 0.03770859354273953
0.010641255996363098 0.03774979184865637
0.010640304770347948 0.037790885855064564
0.010639355949455467 0.03783187595753746
0.010638409524575341 0.03787276254965058
0.01063746548664321 0.037913546022994175
0.01063652382664038 0.03795422676718578
0.01063558453559353 0.03799480516988256
0.010634647604574436 0.03803528161679367
0.010633713024699683 0.03807565649169246
0.010632780787130378 0.03811593017642859
0.010631850883071886 0.0381561030509401
0.010630923303773541 0.03819617549326534
0.010629998040528374 0.0382361478795548
0.010629075084672847 0.03827602058408294
0.010628154427586573 0.038315793979259834
0.010627236060692057 0.038355468435642755
0.01062631997545442 0.0383950443219477
0.010625406163381146 0.038434522005060826
0.010624494616021808 0.03847390185004976
0.010623585324967816 0.03851318422017485
0.010622678281852151 0.03855236947690038
0.010621773478349118 0.0385914579799056
0.010620870906174083 0.03863045008709576
0.010619970557083221 0.03866934615461304
0.010619072422873273 0.03870814653684737
0.010618176495381286 0.03874685158644722
0.01063211061538286 0.03878009320327697
0.010646010583129526 0.03881325334555567
0.010659876524027364 0.038843653485858054
0.010672365779711791 0.038875317168977214
0.010684824536603339 0.03890556729205856
0.010697252906282956 0.0389357436343519
0.010709650999787957 0.03896584646545817
0.010723355176548146 0.03899720741413442
0.010737026050327144 0.03902849215151376
0.010749330736763504 0.03905970095506451
0.01076160559365699 0.039089507581752427
0.010773850729347344 0.039120566950633276
0.010784738020688573 0.0391502278950371
0.01079559901422463 0.03917981719464768
0.01080643380512248 0.03920933510873447
0.010815919000451342 0.03924010042339543
0.010825381367391926 0.039270791693977784
0.010834820988258135 0.039302724359372876
0.010844237944968601 0.03933458035570339
0.010852315125011364 0.03936767178748554
0.0108603729585151 0.039399373700677406
0.010867097421286017 0.03943099977197169
0.010873805816045534 0.03946255027320313
0.010880498200316363 0.03949402547490897
0.010887174631346978 0.039525425646336605
0.01089252728271513 0.03955675105545132
0.010897867204829137 0.039586700871410745
0.010903194443042634 0.03961657954766481
0.010908509042494059 0.03964638733737972
0.010912509319206029 0.03967612449252184
0.010916500127807437 0.03970579126386481
0.010920481501873145 0.039735387900996566
0.010923156315809457 0.03976362258821215
0.010925824821222334 0.03979179068418431
0.010927192899627505 0.03981989242421777
0.010928557759024665 0.03984792804250998
0.010928628277148883 0.039874611601775405
0.010928698629737598 0.039901232523577766
0.01092748067993063 0.03992650769750413
0.010926265582465133 0.039951723678985696
0.010925053327332887 0.03997688067571527
0.010923843904572447 0.040000699889040335
0.010922637304268856 0.0400244635149364
0.010920152857905475 0.040046895554861114
0.010917674196050506 0.04006927536652058
0.010913923593468645 0.04009032974161216
0.01090890546043421 0.0401087909030676
0.01090262418983419 0.040124667251822566
0.010896357476060587 0.04014050680718528
0.01088883342352612 0.04015377300315032
0.01088132676764491 0.0401657414285761
0.010873837448151416 0.0401789478473895
0.010866365405058137 0.04019212380156895
0.010858910578654015 0.040205269396406985
0.010851472909502837 0.04021838473671144
0.01084405233844166 0.040231469926808296
0.010836648806579247 0.04024452507054443
0.01082800206638093 0.04025503628079407
0.010819375135438508 0.04026677903533664
0.010809510631461012 0.0402822566377331
0.0107984127914897 0.04029895104454043
0.01078734028905257 0.040315607336263735
0.010775040015062772 0.0403359727075397
0.010761516164639507 0.04035379664495109
0.010748023085206967 0.04037158002732856
0.010734560671864046 0.040386833008581424
0.010719881489876567 0.04040329501719161
0.010703989683931528 0.040420961791270464
0.010688133873016944 0.040438588550006
0.010671070852700996 0.040456175429196876
0.010655288070546932 0.040474960295837636
0.010639540915440619 0.0404924664238951
0.010623829266884714 0.04050993307928501
0.010608153004924655 0.04052736039536097
0.010592512010145608 0.04054474850487659
0.010576906163669438 0.0405620975399888
0.010561335347151686 0.040580637029176546
0.010545799442778593 0.04059913495000288
0.01053029833326412 0.04061759144211516
0.010514831901846993 0.040634781373113625
0.010499400032287783 0.040650708838165066
0.01048400260886598 0.04066660075083916
0.010469864591844829 0.0406836785535191
0.010454534351371008 0.04070315779560346
0.01043923821599279 0.04072137539806249
0.010423976072026523 0.0407407694675594
0.010409967443024156 0.040760120486957534
0.010395989875283436 0.04078064269680607
0.010382043265610801 0.04080233204850615
0.0103681275112693 0.0408227621610303
0.01035424250997607 0.04084314712413451
0.01034038815989982 0.04086469566735508
0.010326564359658359 0.04088619669449358
0.010312771008316107 0.040908856120912385
0.01029900800538165 0.04093146569160749
0.010284067676415685 0.04095883635491637
0.010270366396135199 0.040987347878634374
0.010257900094542327 0.04101819561215252
0.010245461101386681 0.04105137115341555
0.010233049327034439 0.04108447410049637
0.010221865666567733 0.04111869948606376
0.010210706424573664 0.041151656653421
0.010199571521166278 0.0411845419403696
0.010188460876807708 0.04121735558181287
0.010176178655335053 0.04125247681150256
0.01016272867999327 0.04128870961228478
0.010149307911981218 0.04132605016962272
0.010137108119607526 0.041364494682746535
0.010124934762320233 0.0414028558924833
0.010115166327140842 0.0414375863143168
0.01010541901290238 0.04147342314374039
0.010096879466084025 0.041508002347328835
0.010088358343314901 0.04154132780530869
0.010081039736645 0.04157575931162478
0.010073736885855982 0.0416101166919854
0.010066449740122423 0.04164557533374793
0.010059178248837272 0.04167626113565703
0.010051922361610673 0.04170688108820582
0.01004585982540989 0.04173391855162898
0.01003863373496903 0.04176206932316994
0.010031423101406119 0.041790159879156796
0.010024227875179882 0.04181819041258813
0.010017048006960528 0.0418461611156386
0.010008711920235737 0.04187640407490884
0.009999223303341517 0.04190658261893038
0.009989754874993881 0.04193553357449235
0.009980306570829768 0.041964422997736436
0.00997087832675942 0.04199325108462545
0.009962635400282588 0.042020858176975664
0.009954409937633036 0.04204956540438055
0.009946201883370044 0.04207821187574859
0.009938011182287312 0.04210795378381981
0.009929837779411725 0.04213647809962062
0.009922840789511129 0.042163788501594524
0.009915858545637722 0.042191041347399885
0.0099088910012251 0.042218236818793026
0.009901938109902725 0.04224537509676578
0.009894999825494893 0.04227245636154951
0.009888076102019711 0.042298332938779805
0.009881166893688084 0.04232415526742051
0.009874272154902702 0.04234877789991818
0.009867391840257035 0.04237334902063238
0.00986052590453435 0.042397868791042057
0.00985482136401425 0.04242119517672712
0.009849128720346123 0.04244561391929851
0.009843447936352305 0.042469981789489554
0.009838922444434368 0.042494298946110995
0.009833264080236702 0.04251970282918366
0.009827617467574235 0.042545053952374554
0.009821982569875796 0.04257035247987418
0.009816359350721811 0.04259559857519246
0.009810747773843507 0.04262079240116226
0.009805147803122137 0.04264593411994287
0.009798424191087556 0.042671023893023526
0.009791714456477193 0.04269606188122682
0.009785018556371183 0.04272104824471217
0.009778336448026462 0.04274598314297921
0.009771668088875866 0.04277086673487123
0.009765013436527224 0.04279569917857847
0.009758372448762459 0.042820480631641546
0.0097517450835367 0.04284521125095475
0.009745131298977387 0.04286989119276936
0.009738531053383395 0.04289452061269694
0.009731944305224154 0.042919099665712605
0.009725371013138785 0.042943628506158266
0.00971881113593522 0.042968107287745874
0.009712264632589361 0.04299253616356063
0.009705731462244207 0.04301691528606415
0.00969921158420901 0.043041244807097666
0.00969270495795844 0.04306552487788518
0.009686211543131727 0.04308975564903658
0.009679731299531844 0.04311393727055076
0.009673264187124666 0.04313806989181871
0.00966681016603815 0.0431621536616266
0.009663702482402945 0.043179548983790755
0.0096606010769165 0.043195803130039796
0.009657505930573317 0.043212024472764614
0.009654417024444533 0.04322821311116943
0.00965133433967754 0.043244369144058825
0.009648257857495594 0.04326049266983979
0.009645187559197427 0.04327658378652371
0.00964212342615689 0.043292642591728346
0.00963906543982255 0.04330866918267981
0.00963601358171734 0.04332466365621454
0.009632967833438163 0.043340626108781234
0.009629928176655547 0.043354366265078714
0.009626894593113255 0.043368078968516466
0.009623867064627933 0.04338176430128867
0.009620845573088744 0.04339651432486195
0.009617830100457003 0.04341123496591814
0.009614820628765824 0.04342592631216626
0.009611817140119756 0.04344058845096657
0.009608819616694434 0.043455221469332325
0.009605828040736225 0.04346982545393148
0.00960284239456188 0.043483315004924875
0.009597686685345759 0.0434967778439361
0.009592541175356574 0.043510214050229215
0.00958849167834853 0.04352145876222913
0.009584450176398744 0.04353376274149125
0.009580416645853199 0.04354496205101063
0.009576391063151094 0.04355613929292506
0.009571291835811653 0.04356729453239477
0.009566202636451247 0.04357842783432373
0.009561123435517876 0.04358953926336089
0.009556054203575543 0.04360062888390141
0.009550994911303684 0.04361062258453469
0.009545945529496608 0.04362059670886899
0.009540906029062933 0.043630551314368965
0.009535876381025021 0.04364155748375292
0.009530856556518435 0.04365254215671229
0.009525846526791372 0.04366671142089626
0.00952191729060855 0.04368085306468221
0.009517995706297555 0.043693900707663304
0.00951408175152802 0.04370692296612498
0.009511243296036564 0.04371991991407458
0.009508410352109172 0.04373182813722087
0.00950558290370831 0.04374371326003127
0.009502760934858613 0.04375557534965793
0.009501008171103328 0.04376741447299296
0.009499258797606757 0.04377817119264592
0.009498574472511956 0.04378784851857558
0.00949683082531421 0.04379856474837826
0.009496150161378988 0.04380820374431025
0.00949652938804856 0.04381676849520117
0.009496907884734168 0.04382531675956488
0.009498342173963014 0.04383279482048931
0.009499773707592958 0.04384025851434185
0.009501202493557584 0.04384770788248641
0.009504735423962542 0.04385304114473545
0.009509313974885372 0.04385626392649361
0.009513883763031316 0.04385948054024841
0.009519495156929559 0.043861642715654015
0.009526145136564777 0.04386275336801063
0.009532782425399162 0.04386386190080168
0.009539407059726715 0.04386392282089328
0.009546019075703167 0.043863983624946604
0.009552618509346647 0.04386404431329288
0.009559205396538335 0.04386306226800338
0.009566823061024653 0.04385999854039319
0.00957442627073965 0.04385694062630788
0.009583056336765563 0.0438538885092161
0.009591670057969456 0.04384980321818571
0.009600267480741553 0.043845725657128895
0.009609886926098645 0.04384165580412701
0.009619488204420122 0.04383759363734419
0.009630107637881885 0.04383250401129122
0.009641742300142754 0.04382742397925531
0.009653355051551907 0.04382235351413472
0.00966494595394618 0.0438172925889297
0.009677547346743356 0.043811209857403
0.009690125074953123 0.04380616889981031
0.009703709494027631 0.04380216669744757
0.009717268450273507 0.04379817199686995
0.009731830320082444 0.04379418477700503
0.00974636494598154 0.04379123133670332
0.009761898730180957 0.04378930868604538
0.009777403506380001 0.04378841384382566
0.009792879355757778 0.04378956690528947
0.00980832635919077 0.04379071781752409
0.009822722093871427 0.04379084542391083
0.009837091045789888 0.04379097279289035
0.009851433289619281 0.043791099925124546
0.0098657488997554 0.043791226821272886
0.00988003795031798 0.04379338812850223
0.009894300515151992 0.04379656165692832
0.009908536667828904 0.04380074448962633
0.009923762363824768 0.04380593371804317
0.009938959916205112 0.043811113354540576
0.009954129402930091 0.043816283425688954
0.009969270901672182 0.04382144395796067
0.009982360159650714 0.04382861543829525
0.009996436573321586 0.04383577371148372
0.010010487087427284 0.04384392701549256
0.010024511773382054 0.043854079529811185
0.010038510702337827 0.04386521939227669
0.010052483945185422 0.043876338814627575
0.010064418265941571 0.043892456703782605
0.010076330728967397 0.04391054984597016
0.010087216505333084 0.04392860988085271
0.0100980823808279 0.043947637245017684
0.010106922160086088 0.04396762914644022
0.010115745808360228 0.043988582800925234
0.010123552007193152 0.04400949825367007
0.010130343495438543 0.044031371879277734
0.010137122624287672 0.04405420091382542
0.010143889427447985 0.044076988441037565
0.010150643938504463 0.044100727831110305
0.010156389292312537 0.04412442413699054
0.0101611281975603 0.04414906877946406
0.010165858517834787 0.04417366877584616
0.010170580276443618 0.044198224247347914
0.01017032639504032 0.04422372377505796
0.010170072972320678 0.04425016464397538
0.010169820007042765 0.044275571266042785
0.010168576690827658 0.044300932069134415
0.010167335614821946 0.04432624717708533
0.010165107730358244 0.04435151671328477
0.01016189568298456 0.04437575767378118
0.010158689407483963 0.04439995507460014
0.010155488888312813 0.044424109033047804
0.010152294109983223 0.04444821966600946
0.010149105057062827 0.04447228708995147
0.010145921714174517 0.044496311420923126
0.010142744065996205 0.04452029277455852
0.01013957209726057 0.044544231266078385
0.010136405792754821 0.04456812701029197
0.010133245137320447 0.04459198012159884
0.010124213724542086 0.04460311096142475
0.010115198396203224 0.04461422197784936
0.010106199109373862 0.04462531322378212
0.01009721582127664 0.04463638475194433
0.010088248489286165 0.044647436614870015
0.010079297070928323 0.04465846886490674
0.010070361523879629 0.04466948155421646
0.010061441805966537 0.04468047473477629
0.010052537875164797 0.044691448458379385
0.01004364968959878 0.044702402776635695
0.010031864936027009 0.044706561696804946
0.010020100985197641 0.04471071327554407
0.010008357782076966 0.04471485753227484
0.009996635271825228 0.044718994486350576
0.009984933399795762 0.044723124157056454
0.009973252111534159 0.044727246563609824
0.00996159135277741 0.04473039838646321
0.009949951069453069 0.0447325820799784
0.009937367273702426 0.0447357236930405
0.009924805535437762 0.04473885979933123
0.009912265796714717 0.04474199041331673
0.009899747999791712 0.0447451155494125
0.00988148898171258 0.04475015169053753
0.009864221491384103 0.044755179034909505
0.009846984136291799 0.04476019760555658
0.009829776837616397 0.044765207425426584
0.00981259951681325 0.0447702085173874
0.009794495802105202 0.04477615481121124
0.009776423572118385 0.04478304373326157
0.009758382744790104 0.04478992068498688
0.0097403732383426 0.044796785697559884
0.009723347947204058 0.044804589182236634
0.00970825652266086 0.0448123791426765
0.00969319123045453 0.044821104236573886
0.009678152002767589 0.0448298142351531
0.009663138772017013 0.044838509177555004
0.009648151470853225 0.04484718910278523
0.009634138129592075 0.04485585404971479
0.009619201669156523 0.04486450405708069
0.009605237403247842 0.04487313916348643
0.009590351522543112 0.04488270220186101
0.009576436077510124 0.04489413241316231
0.009562544542176506 0.04490648380608085
0.009547733640444468 0.04492069365335698
0.009532948143346617 0.04493675666735289
0.00951724640344273 0.04495466756078506
0.009501571550079777 0.04497442104675261
0.009485923514258933 0.044996947174843746
0.00947030222721727 0.04502036918742479
0.009455645986224214 0.04504561793579687
0.009441014755881319 0.04507082359756764
0.009426408472222725 0.0450969178339896
0.009410891103571354 0.04512017489025934
0.009395400147462367 0.04514339236005031
0.009379935536516832 0.04516657034434845
0.009364497203584798 0.04518970894379646
0.009349085081744328 0.04521280825869532
0.009333699104300534 0.04523586838900572
0.009318339204784613 0.0452588894343495
0.009303005316952884 0.04528187149401106
0.009287697374785844 0.04530481466693885
0.009272415312487218 0.04532771905174673
0.009257159064483017 0.045350584746715404
0.009241928565420594 0.045373411849793835
0.00922672375016772 0.045396200458600634
0.00921154455381165 0.04541895067042545
0.009196390911658199 0.04544166258223036
0.009181262759230827 0.04546433629065124
0.009152312668335492 0.045449211318192184
0.009123411192202367 0.045434111744511396
0.00909455820847886 0.04541903750568578
0.009065753595222619 0.045403988538006555
0.009036997230899804 0.04537792551794742
0.009006451108476983 0.045352825498083525
0.008975037973905715 0.04532960457885488
