0.034052765532855064 -0.025269345406217683
0.03624767777702152 -0.025818429722787094
0.03734505891172537 -0.025269325084650896
0.037619441689091024 -0.024171015731960302
0.03800351758749943 -0.023512030120345945
0.03807669632644752 -0.02288963187837882
0.03812896685426759 -0.022131199624415
0.03816816975013264 -0.021699692912372778
0.03832057546468824 -0.02160818121920786
0.038442500036332726 -0.02164481152695333
0.03864199613252753 -0.021574927540311074
0.03889966271587575 -0.021608223936673696
0.03920206809686433 -0.02172088577924833
0.03946127270914025 -0.021660543057436914
0.03975903900032356 -0.021535016231510665
0.04001958450510895 -0.02149383319665928
0.03999136313311037 -0.021780520305053234
0.039722418035004724 -0.022340344190757207
0.03930846709883209 -0.0233610626613861
0.038716324697109075 -0.024499065329042356
0.038180576809835866 -0.02552868679025516
0.03769353327595113 -0.026464706300448615
0.037248841353708546 -0.027319332809755684
0.036841207091652846 -0.02810274044328716
0.036466183570561604 -0.028823475466136124
0.036120008012631225 -0.029488769333381317
0.035799475088621614 -0.030104782173423165
0.03550183737346983 -0.030676794096319165
0.035224726397294036 -0.031209356921084407
0.03496608948619663 -0.03170641555753197
0.03472413882742809 -0.03217140589485388
0.03449731008483258 -0.03260733433609317
0.03428422853875801 -0.03301684287180281
0.03411597645934631 -0.03337000913242716
0.033957338784472414 -0.033702994463872975
0.03380751431375818 -0.034017480610238474
0.033665788463082554 -0.03431496750544907
0.033560415811974484 -0.034567935915223835
0.03346044688656426 -0.03480793158603578
0.03336547640742455 -0.03503592747330713
0.03327513863458434 -0.03522604955124421
0.033189102660450796 -0.03540711819689857
0.033107068359532775 -0.03555425486982433
0.03302876289047466 -0.03569470351216256
0.0329539376644858 -0.03582890999261908
0.032882365709192105 -0.03593343275570292
0.03283719890836821 -0.03603350774163425
0.03279391405757865 -0.03612941293648511
0.03275239593539274 -0.03619901310474323
0.03271253853809427 -0.03626582926627103
0.032674244175983976 -0.03633002518617029
0.03261630924415689 -0.03639175203222726
0.032560560536172345 -0.03645114956333869
0.03250687659515018 -0.036528664517619006
0.032455144797437926 -0.03660336074628912
0.03240526056392967 -0.036675389252506733
0.03235712665440416 -0.036744890442716706
0.032310652534862296 -0.036830909489095835
0.0322471441501826 -0.03689541877054295
0.03218575271165889 -0.036957777742608486
0.032126374107185135 -0.0370360763883478
0.032051200638752664 -0.03709415510941437
0.03197841362963551 -0.03716780336375233
0.03190790121455326 -0.03723915011014224
0.031822664488781 -0.03732517753412048
0.03174001069409275 -0.03739197780076572
0.03167621380409691 -0.0374404103275375
0.03164658753816866 -0.03745514826420883
0.031633731574868665 -0.037405838369551525
0.03163692612733804 -0.037326574253525424
0.031655491922929026 -0.037249542929500064
0.03167354200197582 -0.037159403806457963
0.031691097558309005 -0.03707173424843072
0.03172301199039746 -0.03697159767373538
0.03175407537096356 -0.03687413140769859
0.031784321294146343 -0.036764783071265184
0.03182803597041988 -0.036644014707539294
0.0318706297575582 -0.03652634296852432
0.0319121452209715 -0.03641165026087682
0.031952622797799465 -0.03628609855810781
0.031992100928286006 -0.03616364689738249
0.03203061617754116 -0.03603078956212438
0.032081426253502805 -0.03590113360843876
0.03213102656575108 -0.03576149053939042
0.0321794598118288 -0.03562513318961381
0.03222676670334657 -0.035479176151247876
0.03227298608011681 -0.03533657444709726
0.032318155016505916 -0.035197213690768246
0.0323623089206166 -0.03506098463682865
0.03240548162685817 -0.034915579077493465
0.03244770548241311 -0.03477336924473708
0.03248901142806468 -0.0346342509300841
0.03252942907380976 -0.03449812440714408
0.032568986769645376 -0.03436489419320279
0.0325961590285671 -0.034234468825870785
0.03262276519876128 -0.03410676065369153
0.032648822788126725 -0.03398168563970154
0.0326631487345015 -0.03387037076470606
0.0326771852678182 -0.03376130467506402
0.03269094107046857 -0.03366540278639716
0.03269355648179361 -0.03358227350540528
0.03269612061054366 -0.03350077421031521
0.032698634950385934 -0.03342085742580941
0.03270110093753894 -0.0333424775025441
0.03270351995350808 -0.03326559053019813
0.03270589332766648 -0.033190154255443596
0.03270822233969107 -0.03311612800451625
0.03271050822186336 -0.03304347261008756
0.032712752161243495 -0.03297215034216215
0.032714955301725815 -0.03290212484274447
0.03271711874598322 -0.032833361064037024
0.032719243557307466 -0.03276582520994935
0.03272133076135163 -0.032699484680712786
0.03272338134778099 -0.032634308020410195
0.03272539627183766 -0.032570264867243306
0.03272737645582439 -0.03250732590637239
0.032729322790512196 -0.03244546282517449
0.03273123613647649 -0.03238464827077655
0.03273311732536575 -0.03232485580972984
0.03273496716110685 -0.03226605988970057
0.03273678642105058 -0.03220823580306021
0.03273857585706081 -0.03215135965226642
0.03274033619655054 -0.03209540831693269
0.03274206814346786 -0.03204035942249144
0.03274377237923451 -0.03198619131036125
0.03274544956363978 -0.031932883009534715
0.032747100335692204 -0.0318804142095086
0.032748725314431314 -0.03182876523448289
0.0327503250997016 -0.03177791701875991
0.03275190027289081 -0.031727851083278816
0.032736691309513545 -0.03167854951322492
0.032721712784975335 -0.031629994936656684
0.03270695950140762 -0.031582170504097
0.032692426416102115 -0.0315350598690382
0.032669976055397475 -0.03150491586307771
0.03264785584705614 -0.03147521515132251
0.032626058561464305 -0.031445948026600244
0.032604577178562216 -0.031417105063105834
0.03258340488030619 -0.03138867710628041
0.032562535043453834 -0.03136065526312392
0.03254196123265612 -0.03133303089292
0.03252167719384146 -0.03130579559835276
0.032501676847877366 -0.031278941216996245
0.03247432949364738 -0.03126008508242516
0.03244735934430333 -0.031241489032468844
0.032428278990718894 -0.03122314772292289
0.032409458233781864 -0.031205055955003412
0.03239831004348921 -0.031187208670434195
0.032394679440833074 -0.03116223155898411
0.03239109724621235 -0.03113026677551993
0.032394832347987755 -0.031091452726716606
0.032405739803151354 -0.031053149389081745
0.0324165046772017 -0.031008168777443165
0.032427129747692955 -0.030963772329592097
0.03243761772050045 -0.030919948739132657
0.03244797123211811 -0.03086964668240837
0.032458192851868024 -0.030819985416215605
0.03246828508402617 -0.03077095277364553
0.03248515342542983 -0.03072253689387508
0.03249495100110124 -0.030674726212601762
0.032504626867758096 -0.03062750945283494
0.03251418327927104 -0.030580875616028208
0.032523622434201004 -0.03053481397353812
0.032532946477485475 -0.03048261684136205
0.03254215750206347 -0.030431052401697203
0.032551257550441734 -0.030380109220341574
0.03255367575441692 -0.030336353044711648
0.032556065170249546 -0.030293117775934457
0.03255842630897173 -0.0302503941671428
0.032554302332140864 -0.030214633706208895
0.03255022658895714 -0.030179291496280063
0.03254619823813602 -0.030137974847407177
0.03254221645784463 -0.03009713584765421
0.03253828044514279 -0.03005676626169151
0.03253438941544326 -0.030016858042425522
0.032530542601990314 -0.029977403325651197
0.03252673925535604 -0.02993839442488562
0.03252297864295362 -0.029899823826375835
0.03252539271541923 -0.02986168418427398
0.03252777996485745 -0.029823968315973257
0.032530140835848834 -0.029786669197598512
0.03253247576320295 -0.029749779959645464
0.03253478517222533 -0.02971329388276294
0.03253706947897573 -0.02967720439367262
0.03253932909051801 -0.029641505061221117
0.03254156440516199 -0.02960618959255941
0.032549645694614895 -0.02957125182944489
0.032557641012903406 -0.029536685744661374
0.03256555172464918 -0.029502485438552817
0.032573379165745 -0.029474425598394006
0.03258112464410683 -0.029446659578550995
0.032588789440402395 -0.02941918278808135
0.032596374808757066 -0.029391990731191697
0.032603881977437986 -0.029365079004785445
0.03261131214951705 -0.029338443296085925
0.032618666503513666 -0.029312079380332316
0.03262594619401794 -0.02928598311854575
0.03263315235229489 -0.02926015045536309
0.03264028608687057 -0.029234577416936032
0.03264734848410049 -0.029209260108893246
0.03265434060872116 -0.029184194714363326
0.03266126350438519 -0.029159377492056472
0.032668118194180605 -0.029134804774402886
0.03267490568113489 -0.029110472965745905
0.03268162694870426 -0.02908637854058802
0.03268828296124868 -0.02906251804188797
0.032694874664493154 -0.02903888807940725
0.03270140298597566 -0.029015485328104232
0.03270786883548226 -0.028992306526574443
0.032714273105469746 -0.02896934847553542
0.03272061667147631 -0.02894660803635458
0.03271136624411307 -0.028944801667498
0.032702202675222725 -0.028943012259851342
0.032693124747163134 -0.028941239575640633
0.03268413126494595 -0.028939483381515602
0.032675221055712265 -0.028937743448447288
0.03266639296822267 -0.02893601955162845
0.03265764587236142 -0.02893431147037676
0.03264897865865415 -0.028932618988040608
0.032640390237798765 -0.02893094189190751
0.03263187954020904 -0.028929279973114987
0.03262344551557057 -0.028927633026563836
0.03261508713240869 -0.028926000850833772
0.03260680337766789 -0.028924383248101298
0.03259859325630256 -0.02892278002405978
0.03259045579087852 -0.028921190987841638
0.03258239002118509 -0.02893412561013187
0.03257439500385739 -0.028946946770823066
0.03256646981200854 -0.02895965595631172
0.03255861353487141 -0.02897225462714395
0.032550825277449756 -0.028984744218575036
0.03254310416017829 -0.028997126141114472
0.03253544931859156 -0.029009401781057008
0.03252785990300129 -0.029021572501000032
0.03252033507818201 -0.029033639640347796
0.03251287402306458 -0.02904560451580278
0.0325054759304376 -0.029057468421844646
0.032498140006656226 -0.029069232631197085
0.03249086547135837 -0.029080898395282974
0.032483651557188 -0.029092466944668147
0.03247649750952527 -0.029103939489494107
0.032469402586223384 -0.029115317219900017
0.03246236605735197 -0.029126601306434276
0.032455387204946715 -0.029137792900455955
0.03244846532276518 -0.02914889313452644
0.03244159971604853 -0.029159903122791476
0.0324347897012891 -0.029170823961353957
0.032428034606003533 -0.02918165672863771
0.032421333768511425 -0.029192402485742477
0.032414686537719256 -0.029203062276790405
0.03240809227290949 -0.029213637129264246
0.03240155034353473 -0.029224128054337502
0.03239506012901668 -0.029234536047196738
0.03238862101854995 -0.0292448620873563
0.03238223241091042 -0.029255107138965585
0.03237589371426807 -0.029265272151109176
0.03236960434600426 -0.029275358058099898
0.03236336373253319 -0.02928536577976511
0.03235717130912754 -0.029295296221726344
0.03235102651974808 -0.02930515027567249
0.032344928816877276 -0.029314928819626714
0.03233887766135664 -0.02932463271820724
0.03233287252222779 -0.02933426282288221
0.032326912876577185 -0.029343819972218736
0.03232099820938432 -0.029353304992126305
0.032315128013373356 -0.02936271869609472
0.0323093017888681 -0.029372061885426667
0.03230351904365019 -0.02938133534946509
0.032297779292820517 -0.0293905398658155
0.032292082058663664 -0.02939967620056331
0.03228642687051534 -0.029408745108486414
0.032280813264632814 -0.029417747333263026
0.03227524078406811 -0.02942668360767497
0.032269708978544025 -0.02943555465380654
0.03226421740433284 -0.02944436118323897
0.03225876562413768 -0.02945310389724073
0.03225335320697642 -0.029461783486953667
0.03224797972806812 -0.029470400633575148
0.032242644768721886 -0.029478956008536256
0.03223734791622813 -0.029487450273676215
0.032232088763752116 -0.029495884081413043
0.032226866910229836 -0.0295042580749106
0.032221681960266015 -0.0295125728882421
0.032216533524034335 -0.029520829146550135
0.032211421217179716 -0.02952902746620338
0.03220634466072268 -0.02953716845494996
0.032193652372144416 -0.029560550629261485
0.03218104822445905 -0.029583770427362512
0.032168531302709226 -0.029606829534819246
0.032156100704557676 -0.029629729613948688
0.0321437555400704 -0.029652472304218136
0.032131494931504266 -0.029675059222636423
0.032119318013098995 -0.02969749196413718
0.03210722393087335 -0.029719772101954256
0.0320952118424255 -0.029741901187989524
0.03208328091673744 -0.0297638807531732
0.03207143033398331 -0.02978571230781692
0.03205597459146784 -0.029807397341959675
0.03204062223184544 -0.029832607605847848
0.0320253722212872 -0.029853991755436217
0.032010223539702766 -0.029875233817651902
0.03199517518051293 -0.029896335203958877
0.03198022615042666 -0.029920919134785822
0.03196537546922253 -0.029941731415534415
0.0319506221695345 -0.029962407222310885
0.03193596529664182 -0.029982947893095354
0.03192140390826309 -0.03000335474843497
0.03190693707435435 -0.030023629091726928
0.03189256387691105 -0.030043772209495962
0.031878283409773826 -0.03006378537166648
0.03186409477843813 -0.030083669831829477
0.031849997099867404 -0.030099909195724923
0.03183598950230992 -0.030116044793716885
0.03182556806389097 -0.030132077617199344
0.03181521279333499 -0.030148008644977152
0.03180492306246608 -0.030160365470571705
0.031794698251034835 -0.0301726443351215
0.03178453774659371 -0.030184845974108084
0.0317744409443748 -0.030196971113790678
0.03176440724716975 -0.030205590259104763
0.03175785653213488 -0.030214155702578887
0.03175134650477104 -0.03022266794454075
0.03174487678717415 -0.03022772888046392
0.03173844700610564 -0.030232758576041883
0.03173205679292063 -0.030237757319647063
0.03172570578349748 -0.030242725396113557
0.03172275110547599 -0.030244305826310363
0.03171981444378389 -0.030245876619737672
0.031716895634138556 -0.03024743786426877
0.031713994514248646 -0.030248989646711803
0.03171111092378406 -0.030250532052825872
0.03170824470434636 -0.030252065167336844
0.03170539569943982 -0.030253589073952855
0.0317025637544429 -0.03025510385537955
0.031699748716580295 -0.030256609593335038
0.031696950434895434 -0.030258106368564602
0.031694168760223546 -0.03025959426085512
0.0316914035451651 -0.030257825129080332
0.031691893063461735 -0.030256066434661145
0.03169237970223898 -0.03025431808550325
0.03169286348682985 -0.030249360137565587
0.03169334444227106 -0.030244431183475508
0.031693822593307365 -0.03023953096964252
0.03169748909046141 -0.030234659245424834
0.031701134332559486 -0.030229815763086674
0.031704758503893996 -0.03022500027775625
0.03170836178663291 -0.030220212547384502
0.03171194436085034 -0.030215452332704545
0.03171865158483889 -0.030207573154285256
0.03172532048183323 -0.030199738999742647
0.03173195137941449 -0.030191949484257262
0.031738544601441314 -0.03018420422738259
0.03174510046810254 -0.03017650285298313
0.03175161929596908 -0.030168844989173493
0.03175500937573902 -0.03016741620813632
0.03175221307431972 -0.030175246773883963
0.03174943243845459 -0.030183033470915936
0.03174666733686804 -0.030190776666847174
0.03174391763974715 -0.03019847672519662
0.031741183218721374 -0.030206134005444123
0.03173846394684256 -0.03021374886308638
0.031735759698565284 -0.030221321649691938
0.03173307034972755 -0.030228852712955313
0.031730395777531784 -0.030236342396750212
0.03172773586052613 -0.030243791041181852
0.031725090478586085 -0.030251198982638453
0.031722459512896393 -0.030258566553841886
0.03171984284593327 -0.030265894083897474
0.03171724036144692 -0.030273181898343004
0.031714651944444276 -0.030280430319196937
0.03171207748117211 -0.030287639665005837
0.03170951685910032 -0.030294810250891032
0.0317069699669056 -0.030301942388594537
0.03170443669445523 -0.030309036386524227
0.03170191693279127 -0.03031609254979829
0.03169941057411488 -0.03032311118028898
0.03169691751177099 -0.030330092576665663
0.03169443764023315 -0.03033703703443718
0.03168907402567047 -0.030355528404384637
0.03168373864065812 -0.03037392245133237
0.03167843126291617 -0.030392219941603214
0.031673151672492246 -0.030410421633495673
0.031667899651731106 -0.030428528277388695
0.03166267498524477 -0.030446540615844776
0.03165747745988303 -0.030464459383711475
0.031652306864704514 -0.03048228530822135
0.03164432585946952 -0.030500019109090348
0.03163638599343676 -0.03051766149861466
0.03162566422755227 -0.030538034065510734
0.03161499744508258 -0.030558302157704775
0.03160438522416005 -0.030578466576792966
0.031593827147221816 -0.03059852811619193
0.03158332280095503 -0.030618487561242812
0.031572871776242885 -0.030638345689313735
0.031562473668111574 -0.030658103269900757
0.031552128075677886 -0.03067776106472724
0.03154183460209777 -0.030697319827841747
0.031531592854515546 -0.030716780305714477
0.031521402444013934 -0.030736143237332203
0.03151126298556483 -0.03075540935429184
0.031495697106314585 -0.03078278737368938
0.03148020866924967 -0.030810029184035193
0.03146479709787738 -0.03083713579929244
0.031446743431319216 -0.030864108223385048
0.03143420212417857 -0.03088552973686097
0.03142713181805685 -0.030901440417914327
0.03142009625545415 -0.03091457656549281
0.031413095180903426 -0.03092764832019101
0.031406128341436086 -0.03094065615432834
0.031399195486551505 -0.030953600535616216
0.03139229636818705 -0.030966481927214125
0.031388095716130715 -0.030981964413421187
0.03138391540621509 -0.03099737192390812
0.031377103189868576 -0.03101270500197724
0.031370323803480364 -0.03102796418569422
0.031363577010295934 -0.031043150007951017
0.03135686257583182 -0.03105826299652793
0.031350180267848395 -0.031073303674154715
0.031343529856323125 -0.03108827255857087
0.03133691111342416 -0.031103170162585042
0.03133032381348434 -0.03111799699413359
0.031323767732975516 -0.031132753556338304
0.03131724265048328 -0.031144845988787525
0.031310748346682044 -0.031159469621466145
0.03130428460431046 -0.03117402443704981
0.031300428602236904 -0.031188510920165946
0.031296590661062995 -0.031202929550902148
0.0312953358372532 -0.031217280804859207
0.03129408686343785 -0.03122900707916573
0.03129284369880304 -0.03124323093768982
0.03129160630291363 -0.03125484258860552
0.03129037463570889 -0.03126640048187809
0.031286613095490114 -0.031277904989962343
0.031285398609257345 -0.031289356481880304
0.031284189706869324 -0.031300755323260716
0.031282986349905104 -0.03131210187637791
0.03128178850029541 -0.03132339650019022
0.03128059612031864 -0.03133213384006926
0.03127940917259688 -0.031340831374299646
0.031278227620092046 -0.03134948937428353
0.031277051426101966 -0.03135810810896136
0.031275880554256646 -0.03136668784483976
0.03127471496851446 -0.03137522884601892
0.0312735546331585 -0.0313837313742198
0.031272399512792905 -0.031392195688810784
0.03127124957233927 -0.031400622046834095
0.03127010477703307 -0.0314090107030318
0.0312689650924202 -0.03141736190987148
0.03126783048435349 -0.03142567591757157
0.0312667009189893 -0.031433952974126315
0.03126801056273373 -0.031439759653857424
0.03126931441159433 -0.031445540640315385
0.03127061250394782 -0.031451296103654325
0.03127190487783279 -0.03145702621252922
0.03127319157095343 -0.03146514341067137
0.03127447262068319 -0.03147322500706729
0.0312757480640684 -0.03148127123542646
0.031277017937831844 -0.03148928232741725
0.03127828227837627 -0.03149725851268913
0.0312795411217879 -0.03150758589088406
0.031280794503839825 -0.03151548776827305
0.03128204245999542 -0.03152335543840062
0.03128328502541168 -0.031531189122912084
0.031284522234942526 -0.031536623554830064
0.031288114870166944 -0.031542034612847325
0.03129169208635607 -0.03154742244743962
0.03129525398256151 -0.03155278720779383
0.0312988006569883 -0.03155812904182174
0.03130233220700389 -0.031563448096173626
0.031308184192803575 -0.03156874451625167
0.03131401132940666 -0.03157401844622323
0.031319813774752944 -0.03157694446140983
0.03132559168544661 -0.03157985810443919
0.03133134521677026 -0.03158275945361611
0.031337074522698856 -0.03158564858658597
0.03134277975591347 -0.03158621938839508
0.03134846106781482 -0.03158678779690521
0.031351822232138005 -0.031587353827137045
0.03135516936237216 -0.03158791749398587
0.03135850254623034 -0.03158619167852021
0.031364103924580916 -0.031584473039002435
0.031369682060697665 -0.03158276153076896
0.0313752370989423 -0.0315810571095261
0.03138076918248344 -0.031579359731346235
0.031386278453308956 -0.03157766935266401
0.031394023459304636 -0.03157598593027266
0.03140173665829417 -0.03157430942132029
0.031409418245812434 -0.03157263978330625
0.03141931279435343 -0.03157097697407755
0.03142916695698201 -0.03156708034294877
0.031438980980455285 -0.03156319958404455
0.03144875510952419 -0.03155933460058303
0.031458489586953874 -0.0315554852965676
0.03146374115769456 -0.03155609635922176
0.031468971509967615 -0.03155670495293591
0.03147418077211054 -0.03155731109264314
0.03147936907142793 -0.03155791479315639
0.031484536534201885 -0.031558516069169575
0.03148968328570219 -0.03155911493525886
0.0314948094501965 -0.031559711405883796
0.03149991515096029 -0.03156030549538847
0.031505000510286776 -0.03156089721800268
0.031510065649496655 -0.031561486587843086
0.031515110688947766 -0.03156207361891428
0.03152013574804461 -0.03156265832510994
0.0315251409452478 -0.03156324072021392
0.031530126398083315 -0.03156382081790132
0.03153509222315176 -0.031564398631739564
0.031540038536137426 -0.03156497417518944
0.031544965451817265 -0.031565547461606176
0.03154987308406979 -0.031566118504240466
0.03155904882508207 -0.0315623987956794
0.031568188793224906 -0.0315586935889061
0.03157729319728937 -0.03155500279927978
0.031586362244444846 -0.03155132634281706
0.03159539614025475 -0.03154766413618558
0.03160439508869209 -0.03154401609669775
0.031613359292154766 -0.031540382142304466
0.03162228895148078 -0.031536762191589
0.03163118426596324 -0.03153315616376089
0.03164004543336515 -0.031529563978649984
0.0316488726499341 -0.03152598555670042
0.031657666110416746 -0.03152242081896481
0.03166642600807312 -0.03151886968709842
0.03167515253469081 -0.03151533208335343
0.03168384588059892 -0.03151180793057324
0.03169250623468196 -0.031508297152186907
0.03170113378439346 -0.03150479967220356
0.031709728715769575 -0.031501315415206906
0.031718291213442384 -0.031497844306349866
0.03172682146065315 -0.031494386271349165
0.031735319639265375 -0.031490941236480045
0.031743785929777744 -0.03148750912857103
0.03175222051133688 -0.03148408987499876
0.03176062356175001 -0.031480683403682826
0.03176899525749741 -0.03147728964308076
0.03177733577374482 -0.03147390852218299
0.03178564528435563 -0.03147053997050789
0.03179392396190294 -0.03146718391809688
0.031802171977681565 -0.031463840295509624
0.03181038950171978 -0.031460509033819174
0.03181857670279107 -0.03145719006460729
0.03182673374842563 -0.03145388331995971
0.03183486080492183 -0.031450588732461586
0.03184295803735749 -0.031449320727577196
0.03185102560960108 -0.03144805736739934
0.03185906368432276 -0.03144679862645431
0.03186707242300531 -0.031445544479454336
0.031875051985954944 -0.03144429490129589
0.03188300253231204 -0.03144304986705802
0.03189092422006167 -0.031441809352000694
0.031898817206044094 -0.03144057333156314
0.03190668164596509 -0.03143934178136224
0.03191451769440624 -0.03143811467719095
0.03192232550483498 -0.03143689199501668
0.031930105229614696 -0.031435673710979724
0.031937857020014594 -0.03143445980139173
0.03194558102621951 -0.03143325024273416
0.031953277397339615 -0.031432045011656765
0.03196094628142 -0.031430844084976074
0.031968587825450194 -0.03142964743967392
0.03197620217537352 -0.03142845505289597
0.031983789476096404 -0.03142726690195028
0.03199134987149758 -0.03142608296430581
0.03199888350443716 -0.03142490321759105
0.03200639051676563 -0.0314237276395926
0.03201387104933282 -0.03142255620825376
0.03202132524199659 -0.031421388901673154
0.03202875323363168 -0.03142022569810337
0.032036155162138216 -0.03141906657594963
0.032043531164450335 -0.0314179115137684
0.03205088137654458 -0.03141676049026613
0.03205820593344826 -0.031415613484297895
0.03206550496924776 -0.03141447047486614
0.03207277861709665 -0.03141333144111936
0.032080027009223834 -0.03141219636235087
0.03208725027694157 -0.03141106521799752
0.03209444855065337 -0.03141183733742612
0.03210162195986184 -0.03141260678977551
0.032108770633176485 -0.031411480788535326
0.03211589469832138 -0.03141224820584891
0.03212299428214274 -0.03141301298598959
0.032130069510616525 -0.03141377514252774
0.03213712050885581 -0.031414534688940746
0.032144147401118206 -0.03141529163861388
0.03214927744201597 -0.03141604600484104
0.032154390004069104 -0.03141679780082551
0.032159485176455394 -0.031417547039680783
0.03216642637731432 -0.03141642985637143
0.03217148387729718 -0.03141531646012413
0.03217838128610439 -0.031414206831715245
0.03218525539285482 -0.03141310095205097
0.03219210631543409 -0.03141199880216635
0.03219893417093395 -0.031409052049504414
0.03220573907565904 -0.03140796040920352
0.032212521145133365 -0.03140871441899969
0.03221928049410694 -0.031407627001330464
0.03222601723656221 -0.031408379046893
0.032232731485720464 -0.031409128581451985
0.0322394233540482 -0.03140804591060035
0.032246092953263354 -0.03140696684264672
0.03225274039434158 -0.03140589135963645
0.03225936578752237 -0.03140481944373402
0.032265969242315146 -0.03140375107722199
0.0322743647745502 -0.03140268624250008
0.03228273259875807 -0.03139981320863618
0.03229107285188124 -0.031396949641111206
0.03229758071311558 -0.03139409549321625
0.03230226506558535 -0.03139305350730041
0.03230693405952244 -0.03139201493773183
0.03230979139417601 -0.03139457317451836
0.032312639391134636 -0.031397123051053945
0.03231547809609666 -0.031397873829515074
0.032318307554462716 -0.03139862216244376
0.032321127811338154 -0.03139936806176942
0.03232393891153543 -0.03140011153934403
0.03232674089957646 -0.0314008526069427
0.032329533819695035 -0.03140159127626436
0.032332317715839075 -0.03140232755893231
0.032335092631672974 -0.03140306146649488
0.03233785861057987 -0.03140379301042601
0.03234061569566392 -0.03140452220212585
0.032343363929752504 -0.03140524905292136
0.0323461033553985 -0.031405973574066874
0.032348834014882435 -0.03140669577674473
0.03235155595021466 -0.031407415672065786
0.03235426920313753 -0.03140813327107003
0.03235697381512753 -0.03140710045705634
0.032359669827397367 -0.03140607092702997
0.032364099480635164 -0.031405044665352884
0.032368515093767605 -0.03140228172249333
0.03237291673344077 -0.031399527523123846
0.03237730446587958 -0.03139678202580608
0.032383409431205254 -0.031394045189363125
0.03238949516829368 -0.03138958788644879
0.032395561767844104 -0.03138514460021029
0.03240333210454218 -0.03137899149889814
0.03241107808281801 -0.031372857686304836
0.03241879981703038 -0.03136674307187302
0.03242649742082333 -0.0313606475656113
0.03243417100713176 -0.031354571078089866
0.03243840181766147 -0.03135364421670728
0.03244261946859389 -0.031352720238252786
0.03244682402123149 -0.0313517991292966
0.03245101553649657 -0.03135088087649222
0.0324551940749342 -0.03134996546657577
0.032459359696715144 -0.03134905288636541
0.03246351246163875 -0.03134814312276062
0.03246765242913577 -0.03134723616274169
0.03247177965827126 -0.031346331993368955
0.03247589420774735 -0.03134543060178232
0.032479996135906034 -0.031344531975200554
0.03248408550073192 -0.03134363610092072
0.032488162359854966 -0.03134274296631758
0.03249222677055322 -0.031341852558843
0.03249627878975543 -0.03134096486602536
0.03250031847404379 -0.031340079875468954
0.032504345879656504 -0.031339197574853456
0.032508361062490415 -0.031338317951933294
0.03251236407810362 -0.031337440994537134
0.032516354981718 -0.03133656669056729
0.03252033382822176 -0.03133569502799916
0.03252430067217196 -0.031334825994880716
0.03252825556779702 -0.0313339595793319
0.03253219856899914 -0.03133309576954414
0.03253612972935681 -0.031332234553779766
0.03254169453108545 -0.03132972989585952
0.032547242671731064 -0.03132723273691508
0.03255277422600704 -0.03132474304331876
0.0325582892681807 -0.03132226078164362
0.03256378787207664 -0.031319785918662
0.03256927011108003 -0.03131731842134402
0.03257473605813988 -0.0313148582568561
0.03258018578577225 -0.03131240539255955
0.03258561936606349 -0.031309959796009056
0.03259103687067339 -0.03130752143495131
0.032596438370838365 -0.03130509027732358
0.032600205204166344 -0.03130428561035182
0.03260396094225624 -0.03130348331353314
0.03260770563405764 -0.031302683376410984
0.0326114393282326 -0.031301885788590215
0.03261516207315778 -0.03130270025260655
0.03261887391692652 -0.03130190497561952
0.03262097024969835 -0.031301112024003805
0.03262306046179055 -0.03130192405060778
0.03262514457996994 -0.03130273370978725
0.03262722263084751 -0.03130354101188032
0.0326292946408795 -0.031304345967164984
0.032631360636368574 -0.03130514858585955
0.03263342064346494 -0.031304357828590874
0.03263547468816738 -0.03130356936005524
0.03264069488729193 -0.031298023189107724
0.03264748359054912 -0.03129249302442556
0.03265425272981998 -0.03128697879681742
0.032661002389553356 -0.03128148043749016
0.0326677326537128 -0.031275997878046025
0.03267444360577995 -0.03127053105047978
0.03268270742585933 -0.0312650798871759
0.03269094760124607 -0.03125807335520477
0.032699164233274555 -0.03125108684189642
0.032707357422700964 -0.03124412026157896
0.032715527269707355 -0.031237173529068674
0.03272523465791707 -0.031230246559666525
0.03273491446831936 -0.031221779370528103
0.03274456681826662 -0.031213336201784403
0.03275419182444631 -0.031203361385363147
0.03276378960288576 -0.031193414786244357
0.03277490989595297 -0.031183496284863194
0.03278599882006936 -0.031173605762329363
0.032797056507779795 -0.03116219621603051
0.03280808309088344 -0.031152363472841126
0.03281907870043905 -0.03114255834971688
0.03283004346677009 -0.031131240354682416
0.032840977519469954 -0.031121492281088153
0.032851880987407024 -0.031110235407814105
0.032862753998729746 -0.03109900997832015
0.032875126719976576 -0.031087815861042357
0.03288746497681881 -0.03107665292514974
0.032899768913057875 -0.03106552104053916
0.03291051500775429 -0.031054420077830276
0.03292123129358885 -0.03104334990836053
0.032931917894421105 -0.031032310404180176
0.032942574933425325 -0.031021301438047343
0.03295168715199951 -0.031010322883423168
0.032960774233419005 -0.030999374614466918
0.032968324943870475 -0.03098845650603121
0.03297585488207861 -0.030977568433657225
0.03298336413364332 -0.030965201559842673
0.03298934753845934 -0.030952868614351342
0.03299531455038546 -0.030940569457751768
0.033001265236697545 -0.03092830395137545
0.03300719966430386 -0.030917572426701637
0.03301311789974754 -0.03090687018313198
0.03301902000920909 -0.030896197100988943
0.03302490605850883 -0.030885553061246296
0.033030776113109395 -0.030874937945524688
0.03303811914419227 -0.030864351636087264
0.033045442275461905 -0.030853794015835306
0.0330527455877024 -0.030843264968303925
0.0330585462912927 -0.030831280129558464
0.033064331338463045 -0.030819327638555907
0.03306862179822571 -0.030804446658811956
0.033072900708971516 -0.030789605735541067
0.033078643135766604 -0.030774804707225212
0.03308437014665084 -0.030760043413213558
0.0330900818036185 -0.03074532169371668
0.03309577816833189 -0.030730639389800786
0.033098524923945355 -0.030713059131392807
0.03309979894344991 -0.030694059084268123
0.033101069565569116 -0.03067510970393577
0.03310233680387443 -0.030656210787998444
0.033103600671865095 -0.030637362135135418
0.03310486118296867 -0.0306185635450954
0.03310611835054146 -0.030599814818689442
0.03310446435305429 -0.03058693570988838
0.03310281473122185 -0.030574090672803724
0.033101169467703355 -0.030561279572408853
0.033099528545249564 -0.030548502274389693
0.0330978919467021 -0.03053575864514002
0.033096259654992924 -0.030523048551756794
0.03309463165314369 -0.030510371862035545
0.033093007924265186 -0.030497728444465796
0.03309138845155675 -0.030485118168226508
0.03308977321830566 -0.03047254090318156
0.033083856727613443 -0.030462868075713537
0.033077955684677605 -0.03045322050366971
0.03307207002907667 -0.030443598088267458
0.03306619970070386 -0.030434000731238652
0.03306034463976505 -0.030424428334826302
0.03305450478677673 -0.03041488080178126
0.033048680082564 -0.0304053580353589
0.03304287046825855 -0.030395859939315876
0.03303707588529672 -0.030386386417906856
0.03303129627541747 -0.030376937375881322
0.033025531580660496 -0.030367512718480368
0.03301978174336423 -0.03035811235143354
0.033014046706163966 -0.030348736180955693
0.033008326411989926 -0.030339384113743848
0.033002620804065366 -0.030330056056974145
0.03299692982590472 -0.03032075191829872
0.0329912534213117 -0.030311471605842695
0.032985591534377495 -0.030302215028201136
0.032979944109478875 -0.030292982094436056
0.03297431109127642 -0.030283772714073436
0.03296869242471271 -0.030274586797100277
0.03296308805501048 -0.030265424253961653
0.0329574979276709 -0.030256284995557818
0.03295192198847177 -0.0302471689332413
0.0329463601834658 -0.030238075978814054
0.03294081245897883 -0.0302290060445246
0.032935278761608136 -0.030219959043065202
0.0329297590382207 -0.03021093488756909
0.032924253235951516 -0.030201933491607644
0.03291876130220191 -0.030192954769187662
0.03291328318463783 -0.03018399863474861
0.032907818831188235 -0.030175065003159914
0.032902368190043406 -0.030166153789718236
0.03289693120965333 -0.030157264910144834
0.03289150783872605 -0.03014839828058288
0.032886098026226086 -0.030139553817594828
0.03288070172137282 -0.030130731438159808
0.03287531887363889 -0.03012193105967101
0.03286994943274863 -0.030113152599933114
0.0328645933486765 -0.030104395977159745
0.03285925057164555 -0.030095661109970903
0.03285392105212584 -0.030086947917390472
0.03284860474083295 -0.0300782563188437
0.03284330158872642 -0.030069586234154712
0.03283801154700829 -0.030060937583544067
0.03283273456712157 -0.03005231028762629
0.03282747060074874 -0.030043704267407444
0.032822219599810326 -0.030035119444282735
0.0328169815164634 -0.0300265557400341
0.03281175630310013 -0.030018013076827846
0.03280654391234634 -0.03000949137721228
0.03280134429706008 -0.03000099056411538
0.032796157410330214 -0.029992510560842466
0.032790983205474994 -0.029984051291073885
0.032785821636040664 -0.029975612678862736
0.03278067265580008 -0.02996719464863259
0.03277553621875131 -0.029958797125175234
0.03277041227911628 -0.029950420033648433
0.03276530079133942 -0.029942063299573697
0.03276020171008629 -0.029933726848834098
0.03275511499024226 -0.029925410607672048
0.032746052315201064 -0.029921103226838736
0.032737011557149094 -0.029916806262887733
0.03272799263667695 -0.029912519678076704
0.03271899547475843 -0.02990824343484544
0.03271001999274814 -0.02990397749581473
0.03270106611237927 -0.0298997218237853
0.03269213375576129 -0.02989547638173671
0.03268322284537769 -0.02989124113282629
0.03267433330408373 -0.029887016040388077
0.03266546505510425 -0.02988280106793175
0.032656618022031424 -0.02987859617914159
0.032647792128822566 -0.02987440133787542
0.03263898729979798 -0.029870216508163586
0.03263020345963877 -0.029866041654207916
0.0326214405333847 -0.029861876740380714
0.03261269844643206 -0.02985772173122373
0.03260397712453157 -0.02985357659144717
0.03259527649378624 -0.029849441285928674
0.032586596480649314 -0.029845315779712358
0.03257793701192218 -0.029841200038007797
0.032569298014752314 -0.02983709402618906
0.03256067941663126 -0.029832997709793745
0.03255208114539257 -0.029828911054522005
0.0325435031292098 -0.02982483402623559
0.03253494529659451 -0.02982076659095691
0.03252640757639431 -0.029816708714868075
0.032517889897790815 -0.029812660364309962
0.032508104699561724 -0.0298150574216176
0.03249834241748774 -0.029825159918806795
0.032488602971161296 -0.029840371348923662
0.03247888628055057 -0.029855547238315957
0.03246791071650108 -0.02987580637257726
0.032456960736516986 -0.029896018282749376
0.03244475762075464 -0.029917459496588753
0.03243258288433128 -0.029938850847140132
0.03242043642836419 -0.02996019250814319
0.032407043912407715 -0.02998529959354091
0.03239368243356818 -0.030010348493340954
0.03237908053337718 -0.030039144227253935
0.03236451239480512 -0.030067873381435323
0.03234997790089488 -0.030099066117029814
0.032336743886792224 -0.030131450167581432
0.03232354036580961 -0.030163759600505054
0.03231036723267736 -0.03019599467339893
0.03229722438260979 -0.03022815564267696
0.03228411171130242 -0.030260242763575473
0.03227102911492923 -0.03029225629016
0.03225797649013995 -0.030324196475331966
0.03224495373405729 -0.030356063570835343
0.03223196074427423 -0.030387857827263283
0.03221899741885142 -0.030419579494064677
0.0322060636563144 -0.030451228819550674
0.03219315935565104 -0.030482806050901166
0.03218028441630887 -0.030514311434171226
0.032167438738192486 -0.030545745214297492
0.032154622221660926 -0.030577107635104513
0.03214183476752513 -0.030608398939311065
0.03212907627704536 -0.030639619368536403
0.03211634665192866 -0.03067076916330648
0.032103645794326355 -0.030701848563060127
0.032090973606831504 -0.030732857806155187
0.03207832999247644 -0.03076379712987461
0.032065714854730275 -0.030794666770432504
0.03205312809749648 -0.030825466962980143
0.032040569625110406 -0.030856197941611943
0.03202803934233687 -0.030886859939371396
0.03201553715436775 -0.03091745318825695
0.03200306296681962 -0.030947977919227862
0.03199061668573133 -0.03097843436221003
0.03197819821756167 -0.03100882274610173
0.031965807469187035 -0.03103914329877939
0.031953444347899075 -0.03106939624710325
0.0319411087614024 -0.03109958181692305
0.03192880061781229 -0.031129700233083632
0.031912858179459866 -0.031194964099793603
0.03189695112942787 -0.031260083096655164
0.03188107935001679 -0.031325057705497074
0.03186524272404848 -0.031389888406013755
0.031849441134863286 -0.03145457567577708
0.03183367446631718 -0.031519119990248104
0.0318179426027789 -0.031583521822788736
0.031802245429127136 -0.031647781644673266
0.031786582830747735 -0.0317118999250999
0.03177095469353089 -0.03177587713120217
0.031755360903868365 -0.03183971372806025
0.031739801348650766 -0.03190341017871228
0.03172427591526478 -0.03196696694416551
0.03170878449159049 -0.032030384483407455
0.03169332696599863 -0.032093663253416914
0.03167790322734795 -0.032156803709174994
0.031662513164982545 -0.03221980630367596
0.031647156668729165 -0.0322826714879381
0.03163183362889464 -0.03234539971101449
0.03161654393626324 -0.032407991420003654
0.03160128748209407 -0.032470447060060234
0.03158606415811854 -0.03253276707440551
0.03157087385653776 -0.032594951904337886
0.031555716470019986 -0.032657001989243324
0.03154059189169814 -0.03271891776660568
0.031525500015167254 -0.03278069967201698
0.03151044073448202 -0.03284234813918765
0.03149541394415424 -0.03290386359995666
0.03148041953915044 -0.032965246484301595
0.031465457414889396 -0.0330264972203487
0.031450527467239656 -0.03308761623438279
0.0314356295925172 -0.033148603950857204
0.03142076368748299 -0.033209460792403556
0.0314059296493406 -0.03327018717984156
0.031391127375733845 -0.033330783532188685
0.031376356764744436 -0.03339125026666983
0.031361617714889614 -0.03345158779872687
0.031346910125119865 -0.03351179654202818
0.031332233894816576 -0.03357187690847811
0.03131758892378975 -0.03363182930822633
0.03130180640773785 -0.03368585321925538
0.03128488993098213 -0.033742080875425594
0.031268009370312926 -0.033798189152283345
0.03125116461146911 -0.03385302171275622
0.031235519335222856 -0.033904270342106135
0.03122106969158837 -0.03395310007133659
0.031206650596883344 -0.033999517762610426
0.031193421975268972 -0.03404353027069693
0.031181380011865253 -0.03408514444305552
0.031169363426677348 -0.03412667091431325
0.03115852839956915 -0.034165808592072175
0.031148871150249585 -0.03420256429370741
0.03113923418926893 -0.03423924277748207
0.03112961745276042 -0.0342746966037081
0.0311200208771251 -0.03430778263379089
0.031110444399030376 -0.03434079937375833
0.031100887955408652 -0.03437374704104801
0.03109135148345594 -0.034406625852188705
0.03108183492063048 -0.034439436022805095
0.03107233820465137 -0.0344721777676225
0.031062861273497215 -0.03450485130047153
0.031053404065404775 -0.03453745683429278
0.03104396651886762 -0.03456999458114143
0.031034548572634803 -0.03460246475219185
0.031025150165709524 -0.034634867557742165
0.031015771237347816 -0.0346672032072188
0.031007548728706816 -0.03469494001123075
0.03099934322628845 -0.03472261944853327
0.030991154677387472 -0.03475024169691574
0.030982983029516218 -0.034777806933433644
0.030974828230403463 -0.034805315334412334
0.030967821317507454 -0.034829384049768534
0.03096195868796909 -0.034852276434908964
0.030956108109056708 -0.03487512176478703
0.030951397026849622 -0.03489567078001225
0.030946695608400913 -0.0349150538905249
0.0309420038240064 -0.0349343972815488
0.030937321644083526 -0.03495257949023615
0.03093264903917072 -0.03496960394895879
0.03092798597992678 -0.03498547407873151
0.03092333243713028 -0.035001311820484285
0.030917568943724664 -0.03501711727326305
0.03091181718859482 -0.035032890535710286
0.03090607713591692 -0.0350486317060671
0.030900348750012758 -0.03506434088217521
0.030894631995349007 -0.03508001816147904
0.0308889268365365 -0.035095663641027695
0.03088323323832949 -0.035111277417476966
0.030877551165624927 -0.03512685958709131
0.030874101284834986 -0.0351357583813176
0.030870658373501184 -0.03514463919818181
0.030867222410525273 -0.03515350209210583
0.03086379337489407 -0.0351623471172921
0.030860371245679044 -0.03517117432772472
0.03085695600203588 -0.03517998377717056
0.030853547623204056 -0.03518877551918033
0.030850146088506433 -0.03519754960708967
0.030846751377348828 -0.035206306094020264
0.030843363469219592 -0.03521504503288085
0.030839982343689214 -0.035223766476368344
0.030836607980409898 -0.03523247047696886
0.030833240359115156 -0.03524115708695879
0.030829879459619403 -0.035249826358405824
0.03082652526181756 -0.035258478343170016
0.03082317774568465 -0.03526711309290479
0.030819836891275383 -0.03527573065905801
0.03081650267872379 -0.03528433109287295
0.030813175088242807 -0.03529291444538935
0.030809854100123886 -0.03530148076744441
0.03080653969473662 -0.03531003010967378
0.03080323185252834 -0.035318562522512614
0.030799930554023733 -0.03532707805619646
0.030796635779824475 -0.03533557676076236
0.03079117942210127 -0.03534622388737021
0.03078465075976032 -0.03535793138383262
0.030778134961778666 -0.03536961581133649
0.030771631990170988 -0.03538127723799881
0.030765141807101378 -0.03539291573166868
0.030758664374882595 -0.03540453135992859
0.030752199655975327 -0.03541612419009574
0.030745747612987488 -0.03542769428922335
0.030739308208673474 -0.03543924172410193
0.03073288140593346 -0.035450766561260595
0.030726467167812684 -0.03546226886696831
0.030720065457500736 -0.03547374870723519
0.03071367623833086 -0.03548520614781375
0.030707299473779252 -0.03549664125420015
0.030700935127464354 -0.035508054091635446
0.030694583163146178 -0.03551944472510687
0.030688243544725605 -0.035530813219349
0.030681916236243716 -0.03554215963884502
0.030675601201881092 -0.03555348404782796
0.030669298405957154 -0.035564786510281866
0.03066194461068531 -0.03557925086118813
0.03065460503938885 -0.03559368723462649
0.030647279650838855 -0.03560809571169105
0.030639968403965597 -0.035622476373162834
0.030632671257857763 -0.03563682929951123
0.0306253881717617 -0.035651154570895564
0.03061811910508064 -0.03566545226716655
0.030610864017373972 -0.03567972246786779
0.030603622868356457 -0.035693965252237225
0.03059639561789752 -0.03570818069920864
0.03058918222602048 -0.03572236888741309
0.03058198265290182 -0.03573652989518037
0.030574796858870473 -0.03575066380054044
0.030567624804407063 -0.03576477068122487
0.03055941741137197 -0.03578094417166218
0.03055122568130068 -0.03579708679665972
0.030543049569399218 -0.03581319864448854
0.03053488903104423 -0.035829279803083404
0.030526744021782213 -0.0358453303600444
0.030518614497328678 -0.03586135040263855
0.030509457301864825 -0.03587734001780137
0.030500317482483445 -0.035893299292138456
0.030491194989773877 -0.03590818952989091
0.030481049578484833 -0.0359230515664355
0.030470923363811284 -0.035936848547920855
0.030460816291320483 -0.03594958337954685
0.03045072830678528 -0.03596229416049935
0.030440659356183168 -0.03597498095884626
0.03043060938569529 -0.035987643842398935
0.030420578341705504 -0.036000282878713284
0.030412632815792952 -0.036010835411565155
0.030405734502892908 -0.036019306896829695
0.030398849144571083 -0.03602776247320171
0.03039300699322381 -0.03603517335932149
0.030387175792488248 -0.03604257035437076
0.030381355511604247 -0.03604892649885986
0.03037554611992677 -0.03605527075159126
0.030369747586925323 -0.03606057797063903
0.030364985306644547 -0.03606587527891361
0.030360231911215042 -0.03607116270415036
0.03035548737579566 -0.03607644027398126
0.030350751675637763 -0.036080686565248016
0.03034602478608481 -0.036084924956438
0.030342327285390828 -0.0360881358265353
0.030338636650993397 -0.03609032194927871
0.030334952863784084 -0.03609250401613577
0.03033229361095794 -0.036093665056199147
0.030329639282674063 -0.03609380782233448
0.030328005627314292 -0.036093950324332644
0.030326374991650192 -0.0360930782365719
0.03032474736731696 -0.03609119429132378
0.030323122745980653 -0.0360893138219894
0.030321501119338054 -0.03608642514345697
0.030320893501107518 -0.0360835417847745
0.030320287000849808 -0.03607965384407804
0.030320690713229972 -0.03607476402075671
0.030321093684173257 -0.03606988317782715
0.03032149591572032 -0.0360650112905727
0.030321897409904323 -0.036060148334367284
0.030322298168750993 -0.03605529428467507
0.03032269819427864 -0.03605044911704999
0.03032309748849819 -0.03604561280713539
0.030323496053413234 -0.036040785330663544
0.030324895555415343 -0.036032961273851236
0.0303272931871919 -0.036025151481499845
0.030329686451697462 -0.03601635581898423
0.030332075360853604 -0.036006576919609554
0.030335457806464516 -0.03599681580005192
0.030338834107760056 -0.03598607492812488
0.030342204281467042 -0.03597435691810857
0.03034656343566989 -0.035962660155617214
0.03035091469285425 -0.035949989706469614
0.03035525807446 -0.035937342190261644
0.030359593601849463 -0.03592571062217836
0.030363921296307782 -0.035915092198678986
0.03036824117904325 -0.03590449294200904
0.030372553271187673 -0.03589391280031957
0.030377846333540074 -0.035882362273373464
0.030382142017638784 -0.035871821097437376
0.030386429975686958 -0.03586129888045081
0.03039071022850953 -0.03585079557131148
0.030394982796856655 -0.03584031111910059
0.030399247701404054 -0.03582984547308201
0.030403504962753337 -0.03581939858270145
0.03040578928920951 -0.03581093673440839
0.030408069529214064 -0.03580249002358992
0.030408383610126714 -0.03579209558729393
0.030407716863797115 -0.03577975843435587
0.03040705130702386 -0.035767443292395396
0.030406386936626312 -0.03575515010255963
0.03040572374943517 -0.03574287880620531
0.030405061742292416 -0.03573062934489789
0.030404400912051245 -0.03571840166041057
0.030403741255576044 -0.03570619569472341
0.030403082769742327 -0.03569401139002237
0.030402425451436683 -0.035681848688698475
0.030398851570646535 -0.03567068037975379
0.03039431218466031 -0.03566147565853827
0.0303888098005964 -0.035653258185842265
0.030383317138059106 -0.03564505523164926
0.030377834171307405 -0.03563686675751661
0.030372360874691064 -0.03562869272513728
0.03036689722265026 -0.03562053309633923
0.030361443189715162 -0.035612387833084846
0.030355998750505545 -0.035604256897470314
0.03035056387973039 -0.03559614025172505
0.030345138552187498 -0.035588037858211116
0.030339722742763104 -0.03557994967942264
0.03033431642643148 -0.035571875677985254
0.03032891957825455 -0.03556381581665546
0.030323532173381518 -0.03555577005832011
0.030318154187048474 -0.03554773836599585
0.030307989114333213 -0.03554259765800893
0.03029688319547309 -0.035538423948072155
0.030284838854269542 -0.035535214642317715
0.030272815496238822 -0.035532010927688276
0.030260813066594578 -0.03552881278958561
0.03024883151074102 -0.035525620213462256
0.03023687077427209 -0.0355224331848213
0.030224930802970642 -0.035519251689216186
0.030213011542807616 -0.035516075712250454
0.030201112939941235 -0.03551290523957756
0.03018923494071618 -0.03550974025690063
0.030177377491662796 -0.03550658074997228
0.03016554053949628 -0.03550342670459437
0.030153724031115887 -0.035500278106617794
0.030141927913604143 -0.03549713494194231
0.03013015213422604 -0.03549399719651626
0.030118396640428258 -0.03549086485633642
0.030106661379838393 -0.035487737907447775
0.030094946300264158 -0.035484616335943284
0.030083251349692627 -0.035481500127963715
0.030071576476289462 -0.035478389269697416
0.030059921628398135 -0.03547528374738012
0.030048286754539185 -0.03547218354729473
0.030036671803409444 -0.03546908865577112
0.030025076723881296 -0.03546599905918597
0.030013501465001913 -0.0354629147439625
0.030001945975992518 -0.035459835696570324
0.02999041020624765 -0.03545676190352524
0.029978894105334396 -0.035453693351389
0.029967397622991696 -0.03545063002676919
0.02995592070912958 -0.03544757191631894
0.02994446331382845 -0.035444519006736806
0.029933025387338368 -0.03544147128476653
0.029921606880078323 -0.03543842873719689
0.02991020774263551 -0.03543539135086146
0.029898827925764634 -0.035432359112638465
0.02988746738038719 -0.035429332009450566
0.029876126057590758 -0.03542631002826467
0.0298648039086283 -0.03542329315609177
0.029853500884917467 -0.035420281379986734
0.029842216938039904 -0.03541727468704812
0.029830952019740547 -0.035414273064418
0.029819706081926953 -0.03541127649928178
0.029808479076668597 -0.03540828497886801
0.029797270956196213 -0.03540529849044821
0.029786081672901095 -0.035402317021336685
0.029774911179334427 -0.035399340558890324
0.029763759428206634 -0.03539636909050848
0.02975262637238668 -0.03539340260363272
0.029741511964901435 -0.035390441085746696
0.029730416158934993 -0.03538748452437597
0.029719338907828026 -0.035384532907087804
0.02970828016507713 -0.035381586221491006
0.02969723988433416 -0.03537864445523578
0.029686218019405613 -0.0353757075960135
0.029675214524251946 -0.0353727756315566
