0.015383401780595152 -0.03844259002118799
0.014834072183995892 -0.042830107660720235
0.01428473109130684 -0.04429261354056432
0.014284733965329288 -0.04584607540453696
0.014064996953449177 -0.04655892040527613
0.013918505612195771 -0.047216843837139255
0.01381386893987191 -0.04768678914561292
0.013735391435629013 -0.048039248126968165
0.013674353376773427 -0.04831338289024447
0.013625522929688957 -0.04853269070086551
0.013585570745710755 -0.048712124364100905
0.013552277259062252 -0.04886165241679707
0.01352410584728275 -0.048988176153693816
0.01349995892290032 -0.04909662507103389
0.013479031588435548 -0.04919061413272862
0.013460720170778871 -0.04927285456171151
0.013509192077638739 -0.049345419646108175
0.013552278217069731 -0.04940992194334966
0.013590828973402726 -0.049467634525092036
0.013625524654102422 -0.04951957584866017
0.01365691598425929 -0.04956657037950754
0.01368545355712917 -0.049609292680277875
0.013711509601923409 -0.04964829999837253
0.01373539430965146 -0.04968405670662596
0.013757368240761268 -0.049716952878219124
0.013777651869478012 -0.04974731857507435
0.013796433007178702 -0.049775434961051405
0.01381387263504363 -0.04980154303374439
0.013830109529952355 -0.04982585054969993
0.013845263965200498 -0.04984853756459176
0.01385944069494876 -0.049869760901103476
0.013872731379087757 -0.04988965777908321
0.013918509270042527 -0.049908348785670235
0.01396159434388231 -0.049893700303980895
0.014002217413502677 -0.04987988887838809
0.014071100925210987 -0.049836392547621046
0.014136261003853984 -0.04979524736986844
0.014197991604673665 -0.04972741521014171
0.014284725309698239 -0.04966306162270865
0.014367122329471585 -0.04960192571464725
0.014472293636754648 -0.04954377204600348
0.014572456786548041 -0.04946228023572985
0.014667961185188254 -0.04938457874221314
0.014784090264355414 -0.049310409134765365
0.014895058051115144 -0.049239535954315274
0.015001201151494016 -0.049171744216493445
0.015102827524197192 -0.04910683723347255
0.01522310377731576 -0.04902178845221334
0.015338470795613162 -0.048940211049781045
0.01544922313317867 -0.04886189674344604
0.015555632241820038 -0.048786653586379077
0.015657948692436738 -0.04871430439689161
0.015756404144916962 -0.04864468536549801
0.015871553777356693 -0.048577644816748616
0.015982516150434983 -0.048513042106135565
0.01608951558161762 -0.04845074663518727
0.016192760646793848 -0.04839063697023715
0.016292445537308825 -0.048332600052354284
0.016388751278992787 -0.048276530487619984
0.016481846829287286 -0.04822232990837683
0.016571890066457373 -0.04816990639730559
0.016659028683073583 -0.04811917396723664
0.01674340099440039 -0.04807005209050321
0.016825136670998237 -0.04802246527241771
0.016904357403700766 -0.047976342664119445
0.01698117750813958 -0.0479316177106181
0.017055704475132456 -0.04788822783035561
0.0171280394725079 -0.04784611412304201
0.01719827780329275 -0.047805221102896915
0.017266509324626603 -0.047765496454755973
0.01737922532577577 -0.04771144392830715
0.017504062669019948 -0.04765889286092636
0.017625479811079352 -0.04762280522903738
0.01774361540875877 -0.0475876929385508
0.017873242124166945 -0.047553516975810534
0.017999457610222272 -0.0475202403805108
0.018122394771964475 -0.04748782811236171
0.018256257118974675 -0.047470306162389266
0.0183867305458074 -0.04745322780608701
0.01851394213696931 -0.04745028277476408
0.018651567884920006 -0.04746094620928273
0.01878583690731093 -0.04747134956003263
0.018916870531571952 -0.0474947104136254
0.019057854526082635 -0.04753056458723051
0.01919552125013424 -0.047565575133221384
0.019329986422463717 -0.04759977148046828
0.019461360441406308 -0.04765837658033746
0.019589748687191114 -0.04771564974611871
0.019715251803857158 -0.047783948103239285
0.019837965962375068 -0.04785072871909051
0.01995798310642006 -0.047916041629098856
0.020075391182116244 -0.048003751934812405
0.02019027435295875 -0.04808957599739233
0.020302713201017373 -0.04817357401608758
0.020412784915432653 -0.048255803655441874
0.02052056346913095 -0.04833632017730962
0.020626119784608665 -0.04841517656470586
0.020729521889566425 -0.048492423638073615
0.020830835063110897 -0.048568110164504644
0.02093012197318448 -0.048642282960407054
0.021027442805830864 -0.04871498698807377
0.02112285538685673 -0.048786265446570554
0.021216415296406364 -0.04885615985732954
0.0213081759769262 -0.04892471014480469
0.021398188834959943 -0.0490441029613567
0.021486503337181728 -0.0491715702633947
0.021573167101044226 -0.049296654999039465
0.021658225980390754 -0.0494194233506908
0.021741724146354776 -0.04953993907203662
0.021823704163846724 -0.04965826359844887
0.021904207063906386 -0.04977445615141225
0.021983272412179268 -0.04988857383735843
0.022060938373757055 -0.050000671741252466
0.022137241774605406 -0.05011080301525362
0.022212218159786832 -0.050219018962750404
0.02229536585020009 -0.050363103579123374
0.022377092212572093 -0.050514074823497394
0.02245743338236152 -0.050662487233221004
0.022536424280389784 -0.05080840531673077
0.022614098663450908 -0.050961005946151196
0.022690489172411846 -0.0511110842511184
0.022756628819117233 -0.051258702256004166
0.022821693024412778 -0.05141281083043605
0.022885707807042265 -0.051564433782699676
0.02293991516635373 -0.05171363076772708
0.022993262091390413 -0.051860459546642944
0.023045768907371398 -0.052013585572144104
0.02309745530435268 -0.052155776754479896
0.023148340361845883 -0.05229576342236087
0.023189996650129836 -0.052433596449197525
0.023231016964546863 -0.052569325155013766
0.023271415759048477 -0.05270299736528734
0.023311207052880895 -0.052834659467135746
0.023350404446805365 -0.05296435646298642
0.023389021138597622 -0.053084031458424906
0.02341899612334596 -0.05320194652745989
0.023448533517076074 -0.05331814020862575
0.023477642832636186 -0.0534326499233979
0.02350633330912349 -0.053545512016374766
0.02353461392166098 -0.05365676179373768
0.023562493390758218 -0.05376643356007416
0.023589980191276623 -0.05387456065364535
0.023617082561018545 -0.053981175480173574
0.023643808508958496 -0.05408630954522225
0.02367016582313376 -0.05418999348523577
0.02369616207821073 -0.0542922570973039
0.023721804642742438 -0.05439312936771123
0.023747100686131825 -0.05449263849932928
0.02377205718531464 -0.05459081193790547
0.02379668093117502 -0.054687676397300655
0.023820978534706126 -0.054783257883723714
0.023844956432927607 -0.054877581719009624
0.023868620894571032 -0.05497067256298461
0.023891978025543763 -0.05506255443495992
0.023915033774181364 -0.05515325073439361
0.02393779393629797 -0.05524278426075764
0.02396026416004366 -0.0553311772326457
0.02398244995057738 -0.05541845130615542
0.024004356674563507 -0.055504627592576974
0.02402598956449981 -0.05558972667541826
0.024047353722884104 -0.055673768626795676
0.024068454126226622 -0.05575677302321782
0.024069083952497492 -0.05584546801639516
0.024069706097960178 -0.05593308136331424
0.024070320702265745 -0.056013004996549806
0.024070927901700158 -0.05609196569444518
0.024071527829285056 -0.056163431403884925
0.02407865769581442 -0.05623404633106944
0.024079204785237878 -0.05629735276971408
0.02407974543831518 -0.05635347874931984
0.024080279767964674 -0.056402549319659094
0.0240871929402801 -0.05644468663740874
0.024094026191528294 -0.05648633681853701
0.024100780899658697 -0.05652750826195115
0.02410118281342281 -0.05657446276489619
0.024095339887722365 -0.05662710087022458
0.024089562983781242 -0.05667914419470181
0.024083850988873168 -0.056730602762724236
0.024078202815137253 -0.05678148637467937
0.02407261739888729 -0.05683180461316834
0.024067093699943955 -0.056881566849022076
0.02406163070098901 -0.05693078224711917
0.02405622740694068 -0.05697945977201302
0.02405088284434939 -0.05702760819337542
0.024045596060813145 -0.05707523609126362
0.024040366124411697 -0.05712235186121755
0.024035192123158928 -0.0571748143350186
0.02403007316447268 -0.05722089920186794
0.024025008374661417 -0.057272285102715266
0.024019996898427116 -0.05732313009934315
0.024015037898383745 -0.05737344268762939
0.024004410015041448 -0.05742323118645431
0.023993892265205288 -0.05747250374228622
0.02398348294577981 -0.05751562882249451
0.02397318038860485 -0.05756392218474845
0.023962982959564328 -0.05760614079249307
0.023952889057722186 -0.05765348441518099
0.023937349656793734 -0.0576948242378452
0.023921966430748988 -0.05773024997673709
0.02390124480193796 -0.0577598495667164
0.023880729358488235 -0.05778915463341233
0.023860417038240985 -0.05781816955093305
0.02384030483937548 -0.05784689860719742
0.023820389818930227 -0.05786461457423451
0.02379531058043826 -0.057876817075247854
0.023770474829698643 -0.057888901105377574
0.02374057208221523 -0.05789557865448365
0.023705675215642083 -0.057891661364828755
0.023665855725522243 -0.057877298691284856
0.02362641546864164 -0.057863072805108044
0.02358734905305848 -0.057843789064467
0.023548651188565733 -0.05781951843288503
0.023505158659921747 -0.057800620240851995
0.023462072603508077 -0.057776778161077395
0.02341938734761919 -0.057758254558141445
0.023377097325581124 -0.057739902470047504
0.02333013396880853 -0.05772171952562262
0.02328360146852009 -0.05770370339720164
0.02323749392257218 -0.05768585179963382
0.02319180553613289 -0.05767314275779073
0.023141559010572167 -0.057660548729900965
0.023091765156412893 -0.057648068161721924
0.02304241788390527 -0.05763569952688978
0.02299351121204504 -0.05762344132629721
0.022945039266156896 -0.057611292087487685
0.022896996275542102 -0.05759925036406585
0.02284937657118823 -0.057587314735123504
0.022802174583539215 -0.05757548380468065
0.022755384840323818 -0.057563756201141236
0.022709001964440728 -0.057552130576763026
0.02266302067189862 -0.057540605607141346
0.022617435769809457 -0.05752917999070605
0.022572242154433507 -0.05751785244823158
0.022527434809274445 -0.05750662172235945
0.022483008803223122 -0.05749548657713304
0.022434303548475285 -0.05745193631748524
0.02238600930853545 -0.05740412694911826
0.022338120902544688 -0.05734289504037712
0.02229063323635301 -0.057277585835742516
0.022243541300712932 -0.057208249882653904
0.022192280911267633 -0.05713948933166561
0.02214144416140452 -0.0570622294171595
0.022091025821005306 -0.05698108965101697
0.022041020745691333 -0.05690061496492478
0.021991423875073798 -0.056816317975200016
0.021942230231046647 -0.056728244940208186
0.021893434916120936 -0.0566275530588621
0.02184503311179946 -0.05653209960948886
0.02179702007699061 -0.05643741285448809
0.021749391146460226 -0.05634348359352733
0.021702141729320525 -0.056245929277408596
0.021650906969777537 -0.05614479275674614
0.02160007722809655 -0.05604445573427073
0.021549647720602028 -0.05594490876709041
0.021499613738656484 -0.05584614256043699
0.021449970647194887 -0.05574814796477305
0.0214007138832933 -0.05565091597296642
0.021351838954770802 -0.05555443771753038
0.021303341438823762 -0.055458704467927826
0.021255216980691702 -0.0553637076279376
0.021207461292353756 -0.0552694387330814
0.02116007015125503 -0.05517588944810959
0.021113039399062 -0.05508305156454442
0.021066364940446187 -0.05499091699827898
0.021020042741895402 -0.05489947778723064
0.020982330433402314 -0.054816980117407585
0.02094490061411142 -0.05473098899430016
0.020907750121830163 -0.05464563959599204
0.020870875841387426 -0.054556843634930616
0.020834274703762784 -0.05446870542172891
0.020797943685235003 -0.05437716638962281
0.020761879806549338 -0.05428630043863514
0.020726080132103128 -0.05419207830456966
0.020690541769149223 -0.05409854392330758
0.020655261867016807 -0.05400568979209104
0.020620237616349114 -0.05391350851689781
0.020585466248357723 -0.05382199281047854
0.02055094503409289 -0.053731135490436385
0.020516671283729596 -0.053640929477347936
0.0204826423458689 -0.05355136779292441
0.020448855606854183 -0.05346244355821208
0.020415308490101983 -0.05337414999183104
0.020381998455446974 -0.053286480408251284
0.0203489229985008 -0.05319942821610518
0.020316079650024427 -0.05311298691653555
0.020283465975313622 -0.05302715010157829
0.020251079573597317 -0.05294191145257893
0.020218918077448484 -0.05285726473864205
0.020186979152207258 -0.052773203815113044
0.02015526049541597 -0.05268972262209114
0.02012375983626586 -0.05260681518297316
0.020092474935055137 -0.052524475603027226
0.020061403582658136 -0.05244269806799559
0.02003054360000533 -0.05236147684272608
0.019999892837573904 -0.05228080626983128
0.019969449174888635 -0.05220068076837496
0.019939210520032894 -0.05212109483258501
0.019909174809169476 -0.0520420430305923
0.019883014770968953 -0.05195984763271197
0.0198570291330231 -0.05187820020415084
0.0198312161571234 -0.05179709528342068
0.019805574128083963 -0.05172016337135226
0.019780101353361616 -0.05164373926068364
0.019754796162683497 -0.05156781794021679
0.01973325928643184 -0.0514923944644743
0.019711863174077252 -0.051417463952625565
0.01969060645007677 -0.05134302158743382
0.019669487756751612 -0.05127262745150376
0.01964850575399814 -0.05120268894104898
0.019627659119004364 -0.05113320164679068
0.019606946545971966 -0.05106416121616105
0.019589888199950892 -0.050995563352394434
0.019572938852945927 -0.05092740381363591
0.019556097463565198 -0.050859678412066935
0.019535875087191748 -0.0507923830130476
0.01951578070054218 -0.0507289878961407
0.01949581309235728 -0.05066599274842565
0.01947597106661379 -0.05060339379660817
0.01945625344228562 -0.05054118731470805
0.019436659053109505 -0.0504793696233198
0.01941718674735505 -0.05041793708888725
0.019397835387599063 -0.05035688612299154
0.01937860385050411 -0.050296213181652456
0.019359491026601096 -0.05023591476464263
0.01934049582007595 -0.0501759874148144
0.01932161714856016 -0.050116427717439106
0.0193028539429252 -0.05005723229955846
0.019284205147080697 -0.049998397829347827
0.019265669717776282 -0.04993992101549105
0.019247246624407046 -0.04988179860656674
0.01922893484882252 -0.0498240273904456
0.019210733385139102 -0.04976660419369868
0.019192641239555885 -0.049709525881016306
0.01917465743017377 -0.04965278935463742
0.019156780986817813 -0.04959639155378916
0.019139010950862782 -0.04954032945413642
0.01912134637506179 -0.049484600067241265
0.019103786323377964 -0.04942920044003188
0.019086329870819117 -0.04937412765428095
0.01906897610327532 -0.04931937882609327
0.019051724117359347 -0.049264951105402285
0.019034573020249898 -0.04921084167547558
0.019017521929537592 -0.04915704775242891
0.01900056997307361 -0.0491035665847488
0.018983716288821017 -0.049050395452823345
0.018966960024708608 -0.04899753166848128
0.018950300338487342 -0.048944972574538885
0.018933736397589183 -0.04889271554435477
0.018917267378988436 -0.04884075798139235
0.018900892469065407 -0.04878909731878971
0.01888461086347242 -0.04873773101893694
0.01886842176700213 -0.048686656573060615
0.01885232439345801 -0.04863587150081531
0.018836317965527136 -0.04858537334988213
0.018820401714655027 -0.04853515969557392
0.018804574880922645 -0.04848522814044722
0.018788836712925465 -0.04843557631392067
0.018773186467654523 -0.048386201871899855
0.01875762341037952 -0.04833710249640841
0.01874214681453382 -0.04828827589522524
0.018726755961601397 -0.04823971980152785
0.018711450141005614 -0.048191431973541504
0.018696228649999893 -0.04814341019419419
0.018681090793560135 -0.04809565227077736
0.01866603588427895 -0.048048156034612134
0.0186510632422616 -0.04800091934072103
0.018636172195023636 -0.047953940067505085
0.018621362077390225 -0.047907216116426184
0.0186066322313971 -0.04786074541169459
0.018591982006193133 -0.047814525899961546
0.01857741075794444 -0.04776855555001682
0.018562917849740096 -0.047722832352491154
0.018548502651499314 -0.047677354319563485
0.01853416453988014 -0.04763211948467286
0.0185199028981896 -0.047587125902234975
0.01850571711629529 -0.04754237164736326
0.018491606590538348 -0.047497854815594306
0.018483383826490882 -0.04746518946255625
0.01847520445433812 -0.04743269648605137
0.01846706813151248 -0.047400374525212306
0.018458974519042885 -0.04737110281381374
0.018450923281507683 -0.04734198435744867
0.018442914086988327 -0.047315883265770006
0.01843208551537481 -0.047289918117277174
0.018421313196081358 -0.047264087852672616
0.018410596691913785 -0.047241234231347524
0.018399935570196684 -0.04721849871659259
0.018389329402715242 -0.04719588039521268
0.01837877776565787 -0.047173378363402844
0.01836828023955976 -0.047150991726627935
0.018357836409247326 -0.04712871959950404
0.018347445863783424 -0.04710656110568181
0.01833710819641348 -0.04708451537773144
0.018326823004512424 -0.04706258155702955
0.018316589889532386 -0.04704075879364767
0.018306408456951234 -0.047019046246242466
0.018296278316221878 -0.046997443081947615
0.018286199080722317 -0.046978705338478234
0.018276170367706464 -0.04696006151853502
0.018266191798255692 -0.04694151091769151
0.018256262997231106 -0.046923052838547974
0.018246383593226542 -0.04690468659064396
0.01823655321852225 -0.04688641149037222
0.01822677150903927 -0.046868226860893904
0.01821703810429447 -0.04685013203205499
0.0182073526473563 -0.046834828645509224
0.018197714784801117 -0.046819600459880144
0.018190816958810415 -0.046804446922219835
0.01818395286302016 -0.04678936748498819
0.018177122250624 -0.04677436160598693
0.018170324877217606 -0.04675942874829468
0.018163560500769494 -0.04674456838020288
0.018156828881592316 -0.046729779975152694
0.018150129782314547 -0.046715063011672796
0.01814346296785257 -0.0467004169733181
0.018136828205383204 -0.04668847845927816
0.01813022526431657 -0.04667659720429838
0.018123653916269387 -0.04666477279742854
0.018117113935038662 -0.04665300483164161
0.0181106050965757 -0.04664390465982515
0.018104127178960545 -0.04663484771922872
0.018097679962376743 -0.04662583370252137
0.01809126322908648 -0.046619455294422955
0.018084876763406074 -0.04661310697315519
0.018078520351681816 -0.0466093690643549
0.01807219378226612 -0.04660822293043508
0.018065896845494058 -0.04660708216482402
0.01805962933366018 -0.04660594672989338
0.018053391040995695 -0.04660481658836568
0.018047181763645927 -0.046603691703310204
0.01804100129964813 -0.04660257203813898
0.018034849448909582 -0.046601457556602804
0.018028726013185992 -0.04660034822278735
0.01802263079606021 -0.04659924400110929
0.01801656360292121 -0.046598144856312515
0.018010524240943397 -0.04659705075346435
0.01800451251906617 -0.04659596165795187
0.01799852824797377 -0.04659487753547826
0.017992571240075413 -0.0465937983520592
0.017986641309485688 -0.04659272407401932
0.01798073827200521 -0.04659165466798869
0.017974861945101568 -0.04659059010089937
0.01797397197705536 -0.04658953033998202
0.017973086017874226 -0.04658847535276249
0.017972204040532107 -0.04658742510705855
0.017971326018245335 -0.04658637957097661
0.017970451924469912 -0.04658533871290845
0.017969581732898844 -0.04658675006689806
0.017968715417459497 -0.04658815513423292
0.01796785295231099 -0.04658955395682408
0.017966994311841636 -0.04659094657621084
0.017968569868514722 -0.046592333033564914
0.01797013846908771 -0.046593713369694464
0.01797170015952601 -0.04659508762504812
0.01797325498539096 -0.046596455839718894
0.01797480299184422 -0.046597818053448134
0.017973940416589923 -0.04660157342088211
0.017973081608039797 -0.04660531238933166
0.017972226541574855 -0.04660903506597968
0.017971375192790195 -0.046612741557077064
0.017970527537492672 -0.046616431967952766
0.0179696835516986 -0.04662010640302381
0.017968843211631502 -0.04662376496580513
0.017968006493719865 -0.046629770430120704
0.01796717337459494 -0.046635750064482236
0.017966343831088583 -0.046641704035176985
0.017965517840231073 -0.046647632507067896
0.017964695379249024 -0.04665353564360885
0.017963876425563272 -0.04665941360685964
0.017963060956786823 -0.04666526655750087
0.0179622489507228 -0.04667109465484849
0.017961440385362435 -0.04667689805686838
0.01796063523888309 -0.0466826769201905
0.017959833489646273 -0.04668843140012308
0.017959035116195714 -0.04669416165066647
0.017958240097255454 -0.046699867824526904
0.01795744841172794 -0.04670555007313006
0.017956660038692174 -0.046711208546634464
0.01795587495740186 -0.04671684339394469
0.01795509314728359 -0.04672245476272446
0.01795431458793504 -0.04672576363217987
0.017953539259123207 -0.046729058771886496
0.017952767140782644 -0.04673234026712229
0.01795199821301374 -0.046735608202460414
0.01795123245608099 -0.04673886266177653
0.017950469850411342 -0.04674210372825595
0.017949710376592494 -0.046747582571541324
0.017948954015371263 -0.046755285191264505
0.01794595415815169 -0.04676071467023581
0.017942966545247303 -0.04676388468309405
0.01793999110184558 -0.04676927453182143
0.017937027753742237 -0.046774642470594624
0.017934076427335056 -0.046777764942197424
0.017931137049617782 -0.046780874772214785
0.01792820954817411 -0.04678397203726238
0.017925293851171746 -0.04678705681333801
0.017920179380204793 -0.046790129175827824
0.01791508544928188 -0.046793189199512454
0.017910011934915773 -0.0467962369585731
0.01790495871460713 -0.046799272526597505
0.01790211852522668 -0.04680229597658588
0.017897101161193547 -0.04680530738095678
0.017892103746918003 -0.04680830681155284
0.017887126163651488 -0.04681129433964653
0.017884343782802674 -0.04681427003594579
0.017881572399506624 -0.04681506718073691
0.017878811948689063 -0.04681586118097265
0.017876062365788103 -0.046816652055223194
0.01787332358674923 -0.04681743982191284
0.01787059554802031 -0.04681822449932135
0.01786787818654669 -0.0468168602948501
0.01786517143976633 -0.046813359582815295
0.017862475245604994 -0.046809872518780625
0.017859789542471523 -0.04680639902308851
0.017859247438700963 -0.04680080944649395
0.017858707436107804 -0.04679524153492495
0.017858169522499533 -0.04678545189004638
0.01785763368577778 -0.04677570004302449
0.01785709991393742 -0.04676598577537455
0.01785656819506568 -0.046756308870292494
0.017858147039082978 -0.04674666911263878
0.017859719833889478 -0.04673496468348521
0.017861286614184294 -0.04672540260021412
0.017862847414401646 -0.04671587701344407
0.01786440226871341 -0.04670429811836031
0.017865951211031593 -0.04669276324949361
0.01786957870525837 -0.046681272156220324
0.017873192458976714 -0.0466698245898155
0.01787679255011011 -0.046658420303434894
0.017880379055993947 -0.046647059052097234
0.017883952053381044 -0.04663574059266668
0.01788751161844714 -0.04662446468383549
0.01789105782679629 -0.04661323108610686
0.01789664777033017 -0.046604093940126705
0.01790016364490627 -0.046592940413312404
0.017905715741975265 -0.04658182850413547
0.01791124716084289 -0.04657075798009513
0.017916758016815096 -0.046557689324334975
0.017922248424342133 -0.04654466916080399
0.01792975256484643 -0.04653372895327375
0.017937228963611343 -0.04652080121247497
0.017946704238383543 -0.046507921175516775
0.017956144613432822 -0.046495088578842034
0.017965550281220894 -0.04648230316083154
0.017974921432796897 -0.04646956466178622
0.017984258257810352 -0.046454863243030546
0.01799356094452394 -0.046440215577177084
0.018002829679826166 -0.04642562136995813
0.018012064649243865 -0.04641108032924998
0.01802126603695459 -0.046396592165053506
0.01803043402579885 -0.04638414793459267
0.018039568797292228 -0.04636976105431476
0.018048670531637348 -0.04635542620615359
0.018057739407735734 -0.04634114310834679
0.018066775603199532 -0.04632691148116272
0.01807380385624533 -0.04631273104688219
0.018080806873194015 -0.0462986015297804
0.01808778478972353 -0.04628255612604338
0.018094737740540955 -0.046266568129833145
0.018101665859391172 -0.04625063723360937
0.018108569279065456 -0.0462367191458867
0.018117402479441037 -0.046224802957337316
0.018124253424054222 -0.046212929099830734
0.01813108007453757 -0.04619915190288278
0.018137882559886465 -0.04618542347477359
0.018142720378109087 -0.04617174355701107
0.018149478339164738 -0.0461600470448843
0.018156212504582867 -0.04614839171765939
0.018162922999823784 -0.04613484900817526
0.018169609949467362 -0.046121353816970016
0.01817627347722077 -0.04610790589438545
0.018182913705926087 -0.04609258659429828
0.018189530757567865 -0.046077320764717516
0.018196124753280574 -0.04606210812618059
0.018200785558359894 -0.04604694840116901
0.01820543018008824 -0.0460318413140915
0.018210058702607827 -0.04601678659126729
0.018214671209478554 -0.0460017839609096
0.01821737063859611 -0.04598683315310927
0.018220060759337398 -0.0459719338998186
0.018222741619766326 -0.04595708593483531
0.018223525819608784 -0.045942288993786655
0.0182243073292288 -0.04592754281411382
0.018225086162446006 -0.045910968001901906
0.018225862332985548 -0.045896325776675614
0.018226635854478878 -0.04588173352491426
0.018227406740464563 -0.0458653214618094
0.018228175004389075 -0.04584896522204842
0.018228940659607562 -0.04583266452130192
0.018227841787473702 -0.045816419077168116
0.01822674663402727 -0.04580022860915659
0.018225655180423562 -0.04578409283867214
0.01822456740794499 -0.045768011488998755
0.01822348329800002 -0.045751984285283875
0.01822240283212209 -0.045736010954522656
0.018221325991968584 -0.045721932523801176
0.018220252759319776 -0.045707901257001714
0.018219183116077824 -0.04569391691751596
0.018218117044265725 -0.045679979270315633
0.018217054526026337 -0.04566791695490042
0.018214167619718474 -0.045655894780301895
0.018211290304461468 -0.0456457351896056
0.01820842253253865 -0.04563560929572754
0.018205564256549348 -0.045625516931299404
0.018202715429406296 -0.04561545793005946
0.01819987600433302 -0.04560543212684341
0.018195236013849102 -0.045597246830249724
0.018190611286491774 -0.045589088458973775
0.018186001747073223 -0.045582758256467584
0.01818140732089867 -0.04557644880872372
0.018176827933762327 -0.04557016001383662
0.018172263511943426 -0.04556389177056679
0.018167713982202238 -0.04555764397833537
0.018163179271776166 -0.04555141653721871
0.01815865930837587 -0.04554520934794308
0.01815415402018142 -0.04553902231187938
0.018149663335838492 -0.04553285533103794
0.0181451871844546 -0.04552670830806329
0.018140725495595377 -0.04552058114622911
0.018136278199280858 -0.045514473749433106
0.01813184522598185 -0.045508386022191996
0.018127426506616272 -0.04550231786963655
0.018123021972545613 -0.04549626919750665
0.01811863155557133 -0.04549023991214639
0.018114255187931368 -0.04548422992049929
0.018109892802296645 -0.04547823913010345
0.018105544331767615 -0.04547226744908687
0.018101209709870843 -0.04546631478616269
0.01809688887055562 -0.0454603810506246
0.0180925817481906 -0.04545446615234219
0.018088288277560496 -0.0454485700017564
0.018084008393862764 -0.04544269250987499
0.018079742032704363 -0.04543683358826809
0.018075489130098512 -0.04543099314906373
0.018071249622461497 -0.045425171104943485
0.018067023446609504 -0.045419367369138076
0.01806281053975548 -0.045413581855423116
0.01805861083950601 -0.04540781447811478
0.01805442428385826 -0.04540206515206562
0.018050250811196912 -0.04539633379266038
0.018046090360291134 -0.04539062031581177
0.018041942870291608 -0.045384924637956466
0.018037808280727537 -0.04537924667605094
0.018033686531503727 -0.04537358634756749
0.018027874215311313 -0.04537644532268793
0.018022079893905873 -0.04537759806369695
0.01801630348384944 -0.045378747241364356
0.018010544902219112 -0.04537820055693792
0.018006496915899197 -0.045375965682546475
0.018002461384921807 -0.0453720502471406
0.017998438251889046 -0.04536646183682657
0.017994427459755158 -0.045359207995197194
0.017990428951823824 -0.045350296223659575
0.01798812252198159 -0.04534141170524593
0.017985823134673222 -0.04533087915305652
0.017983530757692014 -0.04531870596264717
0.017981245359027342 -0.045306569829134044
0.017978966906863167 -0.045292802781494564
0.01797669536957658 -0.045277412111670155
0.017974430715736314 -0.04526040507139922
0.017972172914101314 -0.04524344948964651
0.01796992193361929 -0.0452232287959276
0.017967677743425295 -0.04520141325637185
0.01796544031284032 -0.045178009964902885
0.017963209611369886 -0.04515302597674327
0.017960985608702667 -0.045126468308706674
0.01795876827470911 -0.045098343939487265
0.017956557579440088 -0.04506865980994644
0.01795435349312553 -0.04503742282339701
0.017952155986173106 -0.045006279081583556
0.01794996502916689 -0.044975228167614546
0.017947780592866048 -0.04494426966707997
0.017945602648203544 -0.04491340316803286
0.017943431166284846 -0.044882628260971065
0.01794126611838665 -0.04485194453881907
0.017939107475955608 -0.04482135159691014
0.017936955210607078 -0.04479084903296844
0.017934809294123884 -0.04476043644709146
0.017932669698455073 -0.044730113441732534
0.017930536395714698 -0.04469987962168348
0.017928409358180613 -0.044669734594057486
0.017926288558293254 -0.044639677968272035
0.017924173968654464 -0.04460970935603207
0.01792206556202632 -0.04457982837131328
0.01791996331132993 -0.04455003463034549
0.017919468621518417 -0.04450591612882516
0.017918975371851914 -0.04446192606544608
0.017918483556050722 -0.04441806388015821
0.017917993167871595 -0.044374329016162915
0.01791750420110748 -0.044330720919889335
0.017917016649587253 -0.044287239040971114
0.017916530507175468 -0.04424388283222317
0.017916045767772084 -0.044200651749618805
0.01791556242531223 -0.044157545252266894
0.017915080473765926 -0.04411456280238939
0.0179161782689589 -0.04406223175809809
0.017917272914093937 -0.04401005087462255
0.017918364422709956 -0.043958019506572445
0.017919452808268423 -0.04390613701225066
0.017920538084153864 -0.04385440275362694
0.01792162026367444 -0.0438028160963117
0.017922699360062477 -0.043751376409530134
0.017923775386475018 -0.04370008306609644
0.01792484835599434 -0.04364893544238842
0.017925918281628497 -0.04359793291832212
0.017926985176311853 -0.04354707487732683
0.01792960279369832 -0.04349014364179121
0.0179337644955065 -0.04343182112062923
0.017937914457676292 -0.043373663119978284
0.0179420527298118 -0.04331566894468128
0.01794617936123807 -0.04325783790349201
0.017950294401003028 -0.043200169309047645
0.01795439789787945 -0.04314266247784156
0.017958489900366855 -0.04308531673019628
0.01796257045669346 -0.04302813139023671
0.017966639614818033 -0.04297110578586363
0.017970697422431802 -0.04291423924872728
0.017974743926960295 -0.042857531114201354
0.01798030684819771 -0.042802509083936326
0.017985854316876135 -0.042747639892644254
0.01799138639729193 -0.04269292290437935
0.01799690315338524 -0.042638357486719056
0.018002404648742473 -0.0425839430107397
0.018007890946598718 -0.04252967885099234
0.018013362109840184 -0.04247556438547876
0.01801881820100661 -0.04242159899562775
0.01802425928229362 -0.042367782066271516
0.018031194129282422 -0.042308075084509386
0.01803810995062791 -0.042248531907909836
0.018045006824517658 -0.04218764652357145
0.0180518848287114 -0.04212692772031198
0.018058744040543955 -0.04206637481542206
0.01806558453692813 -0.042005987129917925
0.018072406394357577 -0.04194576398851598
0.018079209688909668 -0.041885704719607654
0.0180859944962483 -0.041824315594508124
0.018091270601811957 -0.04176607513826515
0.01809653240898655 -0.04170799251523693
0.018101779975816967 -0.041650067084693224
0.018107013360034327 -0.041592298209367204
0.01811223261905812 -0.04153468525543208
0.018117437809998287 -0.041475746597865314
0.018122628989657323 -0.04141696659078998
0.018127806214532333 -0.041358344594486354
0.018132969540817074 -0.04129987997266945
0.018138119024403997 -0.041241572092466
0.018143254720886272 -0.0411834203243916
0.018148376685559773 -0.0411254240423281
0.018153484973425064 -0.04106758262350108
0.01815857963918938 -0.0410098954484576
0.018163660737268574 -0.040952361901044065
0.018168728321789045 -0.04089498136838429
0.018173782446589674 -0.04083775324085774
0.018178823165223727 -0.04078067691207795
0.01818385053096073 -0.04072375177887108
0.01818886459678838 -0.040666977241254704
0.018193865415414373 -0.04061035270241671
0.018198853039268263 -0.040553877568694385
0.018203827520503302 -0.04049755124955367
0.01820878891099825 -0.040441373157568586
0.018213737262359177 -0.040385342708400815
0.018218672625921254 -0.040329459320779415
0.01822359505275054 -0.04027372241648074
0.018228504593645712 -0.04021813142030851
0.01823340129913985 -0.04016268576007397
0.018238285219502152 -0.04010738486657635
0.01824315640473965 -0.040052228173583275
0.018248014904598927 -0.03999721511781155
0.018252860768567802 -0.03994234513890788
0.01825769404587702 -0.039887617679429936
0.018261090146561857 -0.03983873334866428
0.018264477449058396 -0.0397913990973754
0.018267855987512252 -0.039744187315041986
0.018271225795892583 -0.03969851727469475
0.018274586907993225 -0.03965296509251615
0.01827793935743381 -0.0396089463877619
0.01828128317766091 -0.039565040987266986
0.01828461840194912 -0.03952266087166744
0.018287945063402186 -0.03948038956252643
0.018291263194954093 -0.03943963541690223
0.018294572829370144 -0.039398985635287306
0.018297873999248045 -0.03935843981730822
0.018301166737018978 -0.03931799756463688
0.018304451074948658 -0.03927906004519792
0.018307727045138392 -0.03924022172963013
0.018310994679526117 -0.039201482239292804
0.01831425400988744 -0.03916284119746967
0.018317505067836682 -0.03912429822935675
0.018320747884827876 -0.039085852962050194
0.0183239824921558 -0.039047505024534294
0.01832720892095698 -0.03900925404766951
0.018330427202210682 -0.03897109966418064
0.01833363736673991 -0.03893304150864509
0.018336839445212392 -0.038895079217481164
0.01834003346814154 -0.03885721242893652
0.018343219465887458 -0.038819440783076656
0.01834639746865785 -0.038781763921773536
0.018349567506509016 -0.03874418148869423
0.018352729609346786 -0.03870669312928972
0.018355883806927466 -0.03866929849078372
0.018359030128858752 -0.038631997222161624
0.018362168604600684 -0.038594788974159536
0.01836529926346655 -0.038557673399253346
0.01836842213462379 -0.03852065015164791
0.018371537247094928 -0.03848371888726635
0.018374644629758442 -0.038446879263739325
0.018377744311349684 -0.038410130940394534
0.018380836320461735 -0.03837347357824613
0.01838392068554632 -0.03833690683998438
0.018386997434914645 -0.038300430389965244
0.018390066596738287 -0.03826404389420017
0.01839312819905005 -0.03822774702034584
0.018396182269744807 -0.038191539437694114
0.018399228836580364 -0.03815542081716192
0.01840226792717829 -0.03811939083128134
0.018405299569024747 -0.03808344915418968
0.01840832378947134 -0.03804759546161966
0.01841134061573591 -0.038011829430889675
0.01841435007490337 -0.03797615074089407
0.018417352193926526 -0.03794055907209357
0.018420346999626844 -0.03790505410650574
0.01842333451869529 -0.037869635527695504
0.018426314777693093 -0.03783430302076572
0.018429287803052554 -0.03779905627234791
0.018432253621077813 -0.03776389497059293
0.018435212257945623 -0.03772881880516181
0.018438163739706134 -0.03769382746721662
0.01844110809228365 -0.03765892064941139
0.018444045341477384 -0.03762409804588313
0.018446975512962215 -0.0375893593522429
0.018449898632289446 -0.0375547042655669
0.01845281472488752 -0.03752013248438772
0.018455723816062794 -0.03748564370868556
0.018458625931000235 -0.037451237639879564
0.018461521094764174 -0.037416913980819214
0.018464409332299012 -0.037382672435775754
0.018467290668429944 -0.03734851271043372
0.018470165127863664 -0.03731443451188247
0.018473032735189084 -0.03728043754860786
0.018475893514878012 -0.03724652153048391
0.01847874749128587 -0.03721268616876453
0.018481594688652382 -0.03717893117607537
0.018484435131102248 -0.037145256266405635
0.018487268842645836 -0.03711166115510004
0.01849009584717985 -0.0370781455588508
0.018492916168488017 -0.03704470919568961
0.018495729830241735 -0.03701135178497981
0.018498536856000756 -0.03697807304740847
0.018501337269213814 -0.03694487270497865
0.018504131093219314 -0.03691175048100161
0.018506918351245953 -0.03687870610008913
0.018509699066413376 -0.03684573928814594
0.018512473261732807 -0.036812849772362044
0.018515240960107697 -0.03678003728120528
0.01851800218433434 -0.0367473015444138
0.018520756957102515 -0.03671464229298866
0.01852350530099608 -0.03668205925918644
0.018526247238493623 -0.03664955217651197
0.018528982791969056 -0.03661712077971101
0.018531711983692217 -0.036584764804763074
0.018534434835829495 -0.03655248398887425
0.018537151370444413 -0.03652027807047009
0.01853986160949823 -0.03648814678918853
0.018542565574850536 -0.03645608988587291
0.018545263288259825 -0.03642410710256495
0.018547954771384104 -0.036392198182497885
0.018550640045781455 -0.03636036287008957
0.018553319132910612 -0.03632860091093565
0.018555992054131526 -0.0362969120518028
0.018558658830705958 -0.036265296040621973
0.018561319483798015 -0.036233752626481756
0.018563974034474722 -0.03620228155962167
0.01856662250370658 -0.03617088259142564
0.018569264912368117 -0.036139555474415413
0.018571901281238423 -0.036108299962244066
0.01857453163100172 -0.03607711580968955
0.018577155982247885 -0.03604600277264827
0.018579774355472985 -0.03601496060812873
0.018582386771079828 -0.03598398907424517
0.018584993249378474 -0.03595308793021136
0.018587593810586767 -0.03592225693633426
0.018590188474830873 -0.03589149585400791
0.01859277726214577 -0.0358608044457072
0.018595360192475797 -0.03583018247498184
0.01859793728567513 -0.03579962970645021
0.018600508561508328 -0.035769145905793366
0.018603074039650808 -0.03573873083974906
0.018605633739689362 -0.035708384276105745
0.018608187681122657 -0.03567810598369672
0.018610735883361717 -0.03564789573239424
0.018613278365730433 -0.03561775329310366
0.018615815147466033 -0.03558767843775768
0.018618346247719585 -0.03555767093931057
0.01862087168555646 -0.03552773057173247
0.01862339147995683 -0.0354978571100037
0.018625905649816126 -0.035468050330109156
0.018628414213945527 -0.03543831000903266
0.01863091719107241 -0.03540863592475142
0.018633414599840838 -0.03537902785623055
0.018635906458812 -0.0353494855834175
0.018638392786464692 -0.03532000888723667
0.01864087360119576 -0.035290597549583955
0.018643348921320555 -0.03526125135332139
0.018645818765073395 -0.0352319700822718
0.018648283150607993 -0.03520275352121347
0.018650742095997926 -0.03517360145587493
0.018653195619237055 -0.035144513672929624
0.018655643738239972 -0.03511548995999081
0.018658086470842446 -0.03508653010560632
0.018660523834801837 -0.03505763389925344
0.01866295584779754 -0.03502880113133383
0.01866538252743141 -0.03500003159316843
0.018667803891228185 -0.03497132507699244
0.018670219956635908 -0.03494268137595031
0.018672630741026347 -0.03491410028409079
0.018675036261695407 -0.034885581596361966
0.018677436535863557 -0.03485712510860638
0.018679831580676216 -0.03482873061755614
0.018682221413204195 -0.0348003979208281
0.01868460605044407 -0.03477212681691903
0.018686985509318597 -0.03474391710520087
0.018689359806677134 -0.034715768585915935
0.018691728959295995 -0.03468768106017225
0.018694092983878887 -0.034659654329938824
0.018696451897057275 -0.03463168819804104
0.018698805715390784 -0.034603782468156
0.018701154455367585 -0.03457593694480793
0.018703498133404783 -0.03454815143336362
0.01870583676584879 -0.034520425740027914
0.018711713409980544 -0.03449630412459478
0.01871757742974252 -0.03447223432788438
0.018723428865771097 -0.03444821618309825
0.01872926775852845 -0.03442424952415304
0.018735094148303447 -0.03440033418567665
0.01874090807521262 -0.03437764511051115
0.018746709579201045 -0.03435500451627548
0.018752498700043283 -0.0343324122477479
0.01875827547734428 -0.034309868150368565
0.01876403995054027 -0.03428737207023604
0.018769792158899675 -0.0342649238541038
0.018775532141523988 -0.03424369093033472
0.018781259937348676 -0.034222503087083196
0.018786975585144042 -0.03420136018093295
0.01879267912351611 -0.034180262069075394
0.018798370590907502 -0.034160371211627266
0.018804050025598273 -0.034140522406731884
0.018809717465706807 -0.03412071552117102
0.018815372949190636 -0.034102109306312196
0.018821016513847315 -0.034083542303708074
0.018826648197315245 -0.034065014389530496
0.018833422852634805 -0.034046525440472104
0.01884018327548521 -0.03402922930671177
0.01884692951066961 -0.03401196947123844
0.01885366160280331 -0.03399589732915965
0.01886037959631474 -0.033979858846017154
0.01886708353544644 -0.03396385391618667
0.018873773464256022 -0.03394903028687879
0.018880449426617155 -0.03393538420899467
0.018887111466220494 -0.03392176659008424
0.018893759626574656 -0.03390932150436192
0.01890039395100717 -0.03389690231892207
0.018907014482665394 -0.03388565068230172
0.018913621264517476 -0.033874422413566356
0.018920214339353265 -0.03386321743999435
0.01892679374978525 -0.03385317381136055
0.018933359538249466 -0.03384315097698893
0.01894104739192176 -0.03383428458032836
0.018948719361598865 -0.033826570974397605
0.01895637549645723 -0.033820006524542055
0.018962883712859046 -0.033814587608371145
0.01896937852407775 -0.03380917985371655
0.01897585997148736 -0.0338049128247734
0.01898232809629181 -0.03380065456670167
0.018988782939525824 -0.03379753225818397
0.018995224542055766 -0.03379554232791684
0.019001652944580522 -0.03379468121652993
0.019008068187632354 -0.03379494537652618
0.019014470311577738 -0.03379633127222217
0.01902085935661823 -0.033798835379689106
0.01902723536279129 -0.03380133437673264
0.019032478869871403 -0.033804946947443945
0.019037711697711023 -0.033809669598231874
0.019042933878901935 -0.03381549884704459
0.019048145445903435 -0.033822431223312306
0.019052231417928046 -0.03382934952368912
0.019056309101976945 -0.03383736640564553
0.01906037852324155 -0.03384647842820185
0.01906443970681129 -0.033856682161651934
0.01906849267767411 -0.033866865260656215
0.019071428022743798 -0.03387924329172072
0.01907435744380729 -0.03389159634189508
0.019077280958779926 -0.03390392448672634
0.019080198585504884 -0.0339173320404157
0.019083110341753536 -0.03393071261713586
0.01908491232902201 -0.03394516820342092
0.019086710697842155 -0.03396069544459041
0.01908850545910198 -0.03397619153783378
0.019089195975343906 -0.03399165657678208
0.01908878551483613 -0.034008187912537506
0.01908837587524937 -0.03402578222474595
0.01908796705412332 -0.034043341383483444
0.019086462701874328 -0.034060865493999906
0.019084961349330718 -0.03407835466112551
0.019082368782085374 -0.034095808989272766
0.019079781374177828 -0.03411322858243864
0.019077199110222386 -0.03413170292298204
0.019073530989736163 -0.03415014057168721
0.019069870147266778 -0.03416854163775606
0.019066216561174937 -0.03418690622995758
0.019062570209907037 -0.034205234456629985
0.01905893107199476 -0.03422352642568286
0.019055299126054644 -0.03424178224459928
0.019051674350787657 -0.034260002020437864
0.01904805672497879 -0.034278185859834956
0.01904444622749664 -0.034296333869006636
0.019040842837292994 -0.03431444615375081
0.019037246533402438 -0.034332522819449277
0.01903365729494192 -0.034350563971069746
0.019030075101110374 -0.0343685697131679
0.019026499931188302 -0.03438654014988939
0.01902293176453738 -0.034404475384971864
0.01901937058060006 -0.03442237552174693
0.019015816358899176 -0.034440240663142184
0.019012269079037553 -0.034458070911683146
0.01900872872069761 -0.03447586636949525
0.01900519526364098 -0.03449362713830577
0.019001668687708122 -0.03451135331944578
0.01899494267087885 -0.034535438728444695
0.01898822972696858 -0.034562669241806156
0.018981529817900855 -0.03459409658668015
0.01897484290574694 -0.034625462966772616
0.018968168952725104 -0.034656768559306765
0.018961507921199924 -0.03468801354081955
0.01895592237089502 -0.034721313799336344
0.01895034761392404 -0.0347545497095275
0.01894478361903215 -0.03478772145772987
0.01893923035508509 -0.03482082922956155
0.018933687791068562 -0.03485387320992535
0.01892815589608768 -0.03488685358301222
0.018922634639366373 -0.03491977053230469
0.018917123990246837 -0.034952624240580266
0.018911623918188947 -0.034985414889914815
0.018906134392769718 -0.03501814266168592
0.018900655383682706 -0.03505080773657625
0.018895186860737486 -0.03508341029457683
0.018889728793859084 -0.03511595051499041
0.01888428115308742 -0.03514842857643472
0.018878843908576776 -0.03518084465684574
0.018873417030595224 -0.035213198933480946
0.01886800048952411 -0.03524549158292257
0.018862594255857516 -0.03527772278108076
0.01885719830020169 -0.03530989270319683
0.018851812593274554 -0.03534200152384639
0.018846437105905157 -0.035374049416942534
0.018841071809033143 -0.035406036555738964
0.018835716673708234 -0.035437963112833135
0.01883037167108971 -0.035469829260169325
0.018825036772445892 -0.035501635169041736
0.01881971194915362 -0.035533381010097585
0.018814397172697745 -0.035565066953340115
0.01880909241467063 -0.035596693168131674
0.01880379764677163 -0.035628259823196694
0.018798512840806584 -0.03565976708662471
0.01879323796868734 -0.03569121512587336
0.01878797300243123 -0.0357226041077713
0.01878271791416059 -0.035753934198521214
0.018777472676102264 -0.03578520556370272
0.018772237260587122 -0.03581641836827526
0.018767011640049555 -0.03584757277658107
0.01876179578702701 -0.03587866895234799
0.018756589674159507 -0.03590970705869237
0.018751393274189142 -0.03594068725812193
0.01874620655995964 -0.03597160971253858
0.01874102950441585 -0.036002474583241226
0.0187358620806033 -0.036033282030928614
0.01873070426166773 -0.036064032215702084
0.018725556020854604 -0.03609472529706836
0.018724493915177217 -0.036140560703729896
0.018723433778185056 -0.03618631115134294
0.018721358398608036 -0.036225913080462524
0.018718270557148264 -0.0362664518884037
0.018715188423343687 -0.03630691576324333
0.018712111981383627 -0.03634730491255232
0.01870904121551574 -0.0363845969663874
0.01870597611004577 -0.03642182027910942
0.01870291664933725 -0.03645897504061096
0.01869986281781127 -0.03649606144008581
0.018696814599946182 -0.03653307966603222
0.01869377198027736 -0.036570029906256046
0.018690734943396917 -0.03660691234787396
0.01868770347395347 -0.036643727177316586
0.01868467755665186 -0.036680474580331655
0.01868165717625291 -0.03671715474198715
0.01867864231757315 -0.03675376784667434
0.018675632965484586 -0.03679031407811097
0.01867262910491443 -0.03682679361934424
0.0186706321994724 -0.03686320665275394
0.018668638931380897 -0.03689855834334389
0.01866664929071085 -0.03693384569964707
0.0186646632675693 -0.03696807552494842
0.018662680852099215 -0.03700224317073061
0.018660702034479344 -0.03703535707499187
0.018658726804924062 -0.03706841093590905
0.01865675515368319 -0.037101404916643405
0.018654787071041852 -0.03713334998178188
0.0186528225473203 -0.03716523728007562
0.01865086157287376 -0.03719607940067654
0.01864890413809229 -0.03722686584957962
0.018646950233400596 -0.03725661083701113
0.018644999849257896 -0.0372863022298707
0.018643052976157756 -0.03731495585598889
0.018640121635154553 -0.037343557946808305
0.018637195561610476 -0.037371125944314215
0.018634274741340266 -0.03739864444810826
0.018631359160209554 -0.037425132510901
0.01862844880413463 -0.03745157310404716
0.018625543659082224 -0.037476986887573255
0.018622643711069267 -0.037501376475578406
0.018619748946162678 -0.037525722471826624
0.018616859350479135 -0.03754904786959517
0.01861397491018486 -0.037571355263982135
0.018611095611495387 -0.03759264724314326
0.01860822144067535 -0.037612926388324766
0.018605352384038272 -0.037632195273895955
0.018602488427946325 -0.03765142990367057
0.018599629558810133 -0.03766965779713559
0.01859775058301261 -0.03768688151018717
0.01859587493873246 -0.03770310359196426
0.018594975674925466 -0.03771832658488028
0.018594078002735825 -0.03773352263444601
0.018594153217523925 -0.03774675419283208
0.018594228299423705 -0.03775996237390651
0.018594303248787036 -0.037771212593343886
0.018594378065964538 -0.0377824429711244
0.018593484874805655 -0.03779365355969297
0.01859259325616642 -0.037803879481214574
0.0185917032058977 -0.037813123229226496
0.018590814719864956 -0.03782235073163559
0.01858992779394816 -0.03783059943626124
0.018589042424041743 -0.03783787181922462
0.01858815860605453 -0.03784513145480331
0.01858727633590968 -0.03785141811354081
0.018586395609544608 -0.03785769377200056
0.018585516422910942 -0.0378629997801342
0.018584638771974457 -0.03786733858615044
0.018583762652714997 -0.03787166982007939
0.018582888061126433 -0.03787599350172599
0.018582014993216597 -0.03788030965082617
0.018581143445007213 -0.037884618287047145
0.018580273412533842 -0.03788891942998774
0.01857940489184583 -0.03789321309917865
0.01857853787900624 -0.037897499314082775
0.018577672370091777 -0.03790177809409548
0.018576808361192767 -0.03790509890608734
0.018576896965146777 -0.03790841396775541
0.01857698541580675 -0.037911723294022676
0.018577073713570164 -0.03791502689976052
0.01857716185883312 -0.037918324799788974
0.018577249851990364 -0.03792161700887691
0.018577337693435263 -0.037924903541742286
0.018577425383559845 -0.03792818441305233
0.018577512922754783 -0.03793145963742381
0.0185776003114094 -0.037934729229423196
0.01857768754991169 -0.03793799320356691
0.018577774638648313 -0.037941251574321544
0.018577861578004597 -0.03794450435610403
0.018577948368364555 -0.03794775156328193
0.01857803501011088 -0.03795099321017356
0.018578121503624968 -0.037954229311048276
0.01857820784928689 -0.037957459880126616
0.018578294047475435 -0.03796068493158057
0.0185783800985681 -0.03796390447953375
0.01857846600294108 -0.03796711853806161
0.018578551760969304 -0.03797032712119164
0.018578637373026417 -0.037973530242903564
0.01857872283948479 -0.03797672791712959
0.018579741461259694 -0.037978055948789745
0.01857982584535716 -0.037980313080492364
0.018579910086309423 -0.03798256638330321
0.01857906321852495 -0.03798481586695675
0.01857914796256352 -0.03798706154115448
0.018579232563211163 -0.03798930341556507
0.018579317020831505 -0.03799154149982451
0.018579401335786946 -0.03799377580353621
0.018579485508438666 -0.03799693210676758
0.018579569539146624 -0.03800008308739653
0.018579653428269564 -0.03800322875887532
0.018579737176165022 -0.03800636913461087
0.018579820783189337 -0.03800950422796503
0.018579904249697646 -0.03801263405225473
0.01857998757604389 -0.038015758620752176
0.01858007076258083 -0.038017957612760334
0.018580153809660035 -0.038020152918277275
0.01858023671763191 -0.03802326333889238
0.01858031948684567 -0.0380263685537826
0.018580402117649372 -0.03802946857600579
0.018580484610389914 -0.03803256341857613
0.018580566965413024 -0.03803565309446439
0.018580649183063284 -0.03803873761659804
0.018580731263684126 -0.038041816997861466
