-0.02087608767388851 0.060366127281970015
-0.02471987275632425 0.057627994938061915
-0.027830837015167854 0.052695640848283716
-0.02801404222106589 0.05050367240543525
-0.027904357589727063 0.049188491339726165
-0.027648216997998635 0.04812889822789302
-0.027308378199172787 0.047685412157198424
-0.0269162204003235 0.04748987513936252
-0.026489176788081326 0.04721594409421456
-0.026147541898287587 0.04699679925809619
-0.02576817302541258 0.04681749893763571
-0.02554356093080686 0.04675946702737533
-0.02526901657433422 0.046626007697041144
-0.025033692840214814 0.046433276224173196
-0.024756519162459727 0.04626624228102097
-0.024445339256589944 0.04618863312177159
-0.024170768751410724 0.04612015445184567
-0.023926706080140307 0.04612020787199375
-0.02370833421637204 0.04612025566896836
-0.0234568748019573 0.046284757905931576
-0.023229363903201104 0.04638138948044791
-0.02297260218490251 0.046469236366371854
-0.02278593017373619 0.046549444392650234
-0.022569041670690185 0.04662296841673875
-0.022501323510818117 0.04651516036314479
-0.02243881444016698 0.046457827108140407
-0.022380935671045554 0.04640474076091413
-0.022327191099718514 0.04635544629563258
-0.022277153050551963 0.04630955144864631
-0.022230450871329847 0.0462667162581258
-0.022186761735928512 0.04622664462828402
-0.022111476702572724 0.04618907747530736
-0.022040754398511223 0.046187018037101416
-0.021974192229982755 0.04618507974231935
-0.021911433613941628 0.046183252207239116
-0.021821647844889838 0.046181526201885564
-0.021736715360651658 0.04617989349411868
-0.021656253007162854 0.04617834671833954
-0.02155174924032873 0.046176879264395225
-0.021452470661836316 0.046175485183148124
-0.021358034940831334 0.046174159105864296
-0.021241939438311583 0.04617289617511779
-0.021131243726606706 0.046171691985336244
-0.02102557963816114 0.046170542531453855
-0.020924611731424268 0.04616944416441068
-0.02080415064553668 0.04616839355245635
-0.020688815563303882 0.046167387647393685
-0.02057828610949745 0.046189267598494906
-0.02047226806196883 0.04621025449036751
-0.020370490736341357 0.0462304019065652
-0.02027270467838555 0.04624975922801005
-0.02017867962265881 0.046247285320058146
-0.020088202682242515 0.04626559362157125
-0.020001076739619417 0.04628322383784312
-0.019917119013091705 0.046300212955341466
-0.019836159776797122 0.04631659531864345
-0.019758041215460247 0.04633240286218044
-0.019663673997735012 0.04634766531800927
-0.019572505668746226 0.04636241040245406
-0.019484376284057067 0.046376663984084035
-0.019399136387390502 0.04639045023516876
-0.019316646164809957 0.04640379176847656
-0.01923677467945419 0.04641670976104443
-0.01915939917801579 0.04644635524869646
-0.019084404461237034 0.04645822094179732
-0.01901168231163339 0.046486339124054546
-0.018941130972465678 0.04651361795758768
-0.018872654672685254 0.046540094472487484
-0.018806163193188317 0.0465658035521728
-0.018741571470248436 0.04657511529143108
-0.01869427330560543 0.04659960692071761
-0.01864828897886918 0.046623418226968395
-0.01860356449670104 0.046631558049890096
-0.018560048784321232 0.04665429403530745
-0.01850304470169557 0.046705656261456084
-0.018447540726507426 0.046755666850074484
-0.01837920966390251 0.04680437846236514
-0.01831263067982592 0.04686589284260377
-0.018247737239650008 0.04692584989676041
-0.018184466135478493 0.04698430802456313
-0.018122757280792694 0.047041322741802824
-0.018062553520123623 0.047096946856183014
-0.018003800452482722 0.047151230630457654
-0.017946446267404697 0.047204221933916234
-0.017890441592563804 0.04725596638317579
-0.017835739352021537 0.047306507473150246
-0.017794923297255735 0.04735588669898735
-0.017755034880098244 0.04740414366969179
-0.017716042831865644 0.04746362986631421
-0.017677917273593764 0.04753396957368683
-0.017640629639679512 0.04760276335342488
-0.017604152606502523 0.04767006161621211
-0.017568460025651923 0.04774769388479212
-0.017545214725172596 0.047812018455484225
-0.017534023242118165 0.047874988824688075
-0.017523064914960706 0.047936647311200176
-0.017512332532693086 0.04799703448871203
-0.017501819178635015 0.04805618927484608
-0.017491518215568012 0.04811414901479562
-0.01748142327176235 0.048170949559946157
-0.017460650781750794 0.048237473451373955
-0.017440285595464955 0.04830269295277376
-0.01742031584968952 0.048366646056088126
-0.017411293811086755 0.04840829768217465
-0.017402443620838325 0.04844915594395477
-0.017393760415311568 0.048489243295135265
-0.01738523951269185 0.048538822362749416
-0.017376876404565093 0.04857733711095625
-0.017368666747963595 0.04862519827076261
-0.01735061888462388 0.04868214976461162
-0.017332896208011008 0.048738075105418305
-0.017315490007766225 0.04879300177942487
-0.017298391881862055 0.0488566512305339
-0.017281593723079015 0.04890957413723232
-0.01726508770618785 0.04897110296868896
-0.01724886627579481 0.04903157095822393
-0.017232922134810195 0.04909100530691215
-0.017217248233503287 0.04914943229375819
-0.0172018377591091 0.04919767120384555
-0.017186684125954813 0.049245106132098114
-0.017171780966075807 0.049291757011949815
-0.017157122120293175 0.04933764312327935
-0.017133769441163935 0.04940059547517354
-0.01711079341814968 0.049462532466553306
-0.017088185011503654 0.04952347846607099
-0.017065935468455185 0.049574763476298564
-0.017044036311911415 0.049625240848569806
-0.01702247932968864 0.0496749295118993
-0.017001256564244515 0.049723847808355474
-0.016980360302884145 0.04978043961295477
-0.016959783068414773 0.049836167420537286
-0.01693951761022524 0.049882752438220684
-0.016919556895767882 0.049928636929322374
-0.016899894102421827 0.04997383657727329
-0.016880522609717934 0.050018366600810125
-0.016861435991906745 0.05006224177105965
-0.016842628010851925 0.05010547642787487
-0.016824092609232684 0.05014808449546089
-0.01680582390403962 0.05018219800696228
-0.01678781618034931 0.050207998046411476
-0.01677785579453545 0.0502334321278543
-0.016768035695845725 0.05025850798279793
-0.016758352941193624 0.05027557027081394
-0.016741175091514474 0.05030000522400169
-0.016731811137646064 0.050308987947429114
-0.01672257545711832 0.050325353887303484
-0.016713465432107954 0.05033404195692032
-0.016704478515543675 0.05035001745159712
-0.01669561222873194 0.0503584233755527
-0.016686864159077695 0.050374023320842926
-0.016685507600640106 0.050382158928790846
-0.016684168891655644 0.05039018748926576
-0.01668284768213503 0.050398111101237736
-0.01667440972173542 0.050413048140639356
-0.01666608063824419 0.0504277924440487
-0.016650815650738757 0.05044234771792715
-0.016642742950928924 0.050456717574303964
-0.016634772437192632 0.05047090553376461
-0.01662690218149076 0.050484915028326395
-0.016625996691825205 0.050491899935155474
-0.016625102450478477 0.05049879807295561
-0.01662421924914837 0.05049884537495253
-0.016623346884644407 0.05049889209655684
-0.01662248515873195 0.05049893824838549
-0.016628291952319223 0.05047905150324529
-0.01663402878453798 0.05045940435744413
-0.016639696912179258 0.05043999250680226
-0.016645297562110525 0.05042081174962042
-0.01665083193216095 0.050401857983647824
-0.016656301191975486 0.05038312720315726
-0.016661706483838974 0.05036461549612273
-0.01666704892347149 0.05034631904149558
-0.016678679541995225 0.05031555705705359
-0.016683863027964402 0.050285148658639665
-0.016695264644536474 0.050255087784779044
-0.016706536697283867 0.05023159930881161
-0.016717681382203604 0.05020218064454167
-0.016728700845944466 0.05017309252706127
-0.016739597187185432 0.0501443294164801
-0.016750372457968163 0.050115885896016496
-0.016761028664985342 0.05008775666859669
-0.016771567770826508 0.05005993655356611
-0.016781991695183067 0.05003242048350854
-0.016792302316014016 0.05001116339400312
-0.016802501470673817 0.04999013611087073
-0.016812590957003944 0.04996343911959202
-0.01681669798985757 0.049937027657631805
-0.016820761330872326 0.04991089716867116
-0.016824781673569468 0.049885043192821214
-0.016828759696869797 0.04985946136408548
-0.016832696065475883 0.049839888875344254
-0.016836591430242322 0.049820520266694084
-0.016840446428534495 0.049801352369014375
-0.016844261684576235 0.04978238207852725
-0.01684240405457842 0.04977485202156441
-0.016840565379988744 0.04976180494645568
-0.01683874537214617 0.049748890328962264
-0.016836943748221197 0.049736106162150594
-0.016835160231069343 0.049723450479427486
-0.016833394549089005 0.04971092135353161
-0.016831646436083595 0.0496985168955551
-0.01682447690808613 0.049686235253994196
-0.016817378015832475 0.04967407461382798
-0.016810348720561703 0.04966740768420517
-0.016803388003781377 0.04966080579779819
-0.01679649486677562 0.04965426800737575
-0.016789668330127402 0.04964779338401053
-0.01678290743325465 0.0496413810166392
-0.01677621123395963 0.049635030011635065
-0.016769578807991226 0.049628739492392875
-0.016757802333012103 0.04962250859892549
-0.01674613695685354 0.04961633648747195
-0.01673458111474341 0.04961022233011656
-0.016723133271157677 0.049604165314418705
-0.016706681715970565 0.04961345989491433
-0.01669038248999815 0.04962266841447944
-0.016674233487306588 0.049626741191354906
-0.016658232640603017 0.049635804305710976
-0.016642377920353366 0.049644784651899414
-0.01662666733392416 0.04965368335857705
-0.01660612731606574 0.04965754208092039
-0.01658577234341325 0.04966136603999938
-0.016565599926569304 0.04966515570348124
-0.016545607620590038 0.049673804562487926
-0.016525793023997253 0.049677505257750006
-0.016506153777816793 0.049681173203496486
-0.016486687564642326 0.04968480883254036
-0.016462573008142727 0.04968841257010139
-0.016438669059123473 0.049691984833971935
-0.016414972970530472 0.04969552603467839
-0.016391482042877673 0.04969903657563846
-0.01636819362322188 0.0497025168533144
-0.01634510510416399 0.04970596725736221
-0.016322213922875823 0.04970470372381893
-0.016299517560151813 0.04970345094375261
-0.016281669279758007 0.04970220878046651
-0.016259335521964655 0.04970097709957101
-0.0162418060592136 0.049699755768935136
-0.016224423286527404 0.04970313110461514
-0.01620718537028026 0.049701910976713545
-0.016190090507279983 0.04970070097435471
-0.01617313692413921 0.049699500972015365
-0.01615632287666215 0.049698310846238485
-0.016139646649246376 0.04969263752707675
-0.016123106554299303 0.049687010520724495
-0.01610670093166887 0.049681429262391365
-0.016090428148088077 0.0496758931964334
-0.016074286596632938 0.04967040177616865
-0.0160582746961935 0.049669357192361686
-0.016042390890957582 0.04966832096522517
-0.016026633649906807 0.04966729299487859
-0.0160066413286085 0.04967497238823613
-0.015986807049375797 0.049682591074926806
-0.01596712894557012 0.04968583465729503
-0.015947605179833506 0.04968905279980154
-0.015928233943516713 0.049692245800569725
-0.015909013456120672 0.0496954139530829
-0.015894200703915604 0.049698557546274266
-0.015875260039741157 0.049701676864614734
-0.01586069105261605 0.049704772188198736
-0.015846233705239028 0.049707843792828076
-0.015831886719292365 0.04971089195009383
-0.01581764883590043 0.04971391692745642
-0.01580351881526146 0.049716918988323845
-0.015789495436287694 0.049724034388824424
-0.015779708043316416 0.04972697584223657
-0.01576999396415017 0.04972578979192195
-0.01576035237811203 0.04972870274417768
-0.015750782476728446 0.04973159403879581
-0.015741283463503262 0.049734463916416775
-0.015735908773923533 0.049737312614129094
-0.015730573604120127 0.0497401403655347
-0.015725277519809785 0.0497429474008128
-0.015720020093049153 0.049745733946782306
-0.015718796026458412 0.049744514188460306
-0.015721561344605308 0.04973535879393781
-0.015724306696556195 0.04972626950334689
-0.015727032297773624 0.049717245603335763
-0.01572973836063107 0.049708286390779906
-0.015732425094468108 0.04970330687142274
-0.015735092705644382 0.049698362793484496
-0.015733845574704492 0.049701228389948934
-0.01573260725741082 0.049704073734848246
-0.01573137766066147 0.04970689904210743
-0.0157263017481237 0.049709704522649
-0.015721261331477804 0.04971249038444553
-0.01572008412049912 0.049715256832571
-0.015718915084596677 0.04971800406925116
-0.01571395255000429 0.04972073229391276
-0.0157090242397884 0.049723441703231876
-0.01570412980112039 0.049726132491181095
-0.015699268886004897 0.0497325584077215
-0.01569444115119736 0.04973894046135036
-0.01568964625812321 0.04974527909964842
-0.015684883872798715 0.049751574764127504
-0.015683865352216945 0.04975412505545294
-0.015682853690359634 0.049756658173099405
-0.015681848818179217 0.04976285227359564
-0.015680850667551847 0.04976533925929083
-0.01567985917126199 0.04977146312882979
-0.015678874262987353 0.049777546308205696
-0.015685171388277568 0.0497763302621793
-0.015691426948384348 0.04977512224285934
-0.01569402759603769 0.049777527962443543
-0.015696611190263804 0.04977991790681735
-0.015702768036376116 0.04977871000649518
-0.01570888477274177 0.049777509975230484
-0.015714961790040113 0.0497763177363766
-0.01572099947389316 0.04977513321427905
-0.015726998204947155 0.049773956334259545
-0.01573295835895257 0.04976926200833194
-0.01573888030684257 0.04976459777423721
-0.015744764414809945 0.04975996334355522
-0.015754109578864937 0.04975186672558292
-0.015763395408544975 0.04974382151470885
-0.015769146075292086 0.04973929682944324
-0.015774860460230064 0.049734800691087815
-0.015780538905640133 0.04973033283033212
-0.015786181749511578 0.049725892981242595
-0.01579178932560883 0.04972148088120988
-0.01579736196353725 0.04971368070806048
-0.01580289998880773 0.04970933393869002
-0.01580840372290006 0.0497050140843002
-0.01581387348332516 0.0497007208956782
-0.015819309583686103 0.0496964541266785
-0.015821342449487685 0.04969557635453603
-0.015823362881859284 0.04969470395103052
-0.015825370994521304 0.049693836867058576
-0.015827366899811516 0.04969297505411382
-0.01582935070870603 0.04969211846427782
-0.0158280034309776 0.049691267050211214
-0.015833282354681382 0.04968381632204869
-0.015838529573137687 0.049676410343004254
-0.015840456202664225 0.049672331332907764
-0.015842371329924936 0.04966827667511035
-0.015844275057618613 0.04966424615218078
-0.01584616748722509 0.0496602395492686
-0.015848048719023247 0.04965625665406595
-0.01584991885210873 0.04965229725677011
-0.015851777984411352 0.049648361150046595
-0.015853626212712205 0.04964444812899301
-0.015855463632660417 0.049640557991103486
-0.01585729033878969 0.049639886686197156
-0.015859106424534492 0.04964240579756419
-0.01586091198224599 0.049648087230385676
-0.015859531894957982 0.04966007022547084
-0.01585499359724167 0.049668826262772324
-0.01585048138169614 0.04967753197802035
-0.01584599502411935 0.049686187803782714
-0.015844673329137852 0.04969479416768358
-0.01584335916518189 0.0497033514924739
-0.015842052468066588 0.04971497323121645
-0.015840753174334376 0.049726529124413714
-0.015842564673375806 0.049734924282732
-0.01584436596678884 0.0497432721443837
-0.015843071123569193 0.04975772885913025
-0.01584178353437319 0.04977210458387822
-0.015837434257984985 0.04978639999731475
-0.01583616954356329 0.049800615770565
-0.015834911855332822 0.04981170906989635
-0.015833661134904187 0.04982274091050564
-0.01582938235438621 0.04983673848421738
-0.01582512714841654 0.049850658936310875
-0.01581787693346465 0.049867512592405475
-0.015810666445717977 0.04988427389969956
-0.015806497254848246 0.049903936491247546
-0.01580235078436473 0.04992349192970808
-0.01580121233598492 0.04993698750216582
-0.015800080058057036 0.049950409927889364
-0.015798953900550382 0.049966720684178165
-0.015797833813973684 0.04998294351186164
-0.01579671974936783 0.04999907912004143
-0.015795611658298733 0.0500151282102149
-0.015794509492850328 0.05003109147637675
-0.01579341320561765 0.05004696960511906
-0.01579524461686601 0.050062763275729776
-0.01579706631240483 0.05007556725270172
-0.015798878369342916 0.05008830348376377
-0.01580068086397526 0.050100972505163224
-0.015802473871793753 0.05011357484750267
-0.01580425746749771 0.050126111035814096
-0.015806031725004263 0.05014144946177989
-0.015807796717458564 0.05015956782455922
-0.015809552517243832 0.05017473923583574
-0.015811299195991252 0.05018983183458616
-0.015813036824589725 0.05020484623334305
-0.01581476547319544 0.050219783038307916
-0.01581365371110111 0.050234642849432756
-0.015812547665007264 0.05025505774685139
-0.01581144729094467 0.0502753679524884
-0.015810352545393903 0.050301175521106
-0.015809263385279625 0.05032405811868056
-0.015808179767964906 0.05034961045751845
-0.01580989003209444 0.05036947448667522
-0.01581159163665876 0.05038923793846916
-0.015813284647260634 0.05040890157485001
-0.01581496912884185 0.0504257073200173
-0.015816645145691494 0.050442428614203845
-0.015818312761454175 0.050459066092379434
-0.015819972039138045 0.05047835852201169
-0.01582162304112274 0.050494823419478654
-0.015823265829167214 0.05051120640203285
-0.015824900464417424 0.050524789983553225
-0.015823807645893112 0.05054372871613177
-0.015822720224003488 0.05055986958944073
-0.015821638158871942 0.05057593095105852
-0.01582056141101377 0.05059460443261681
-0.01581948994133137 0.050613186377500806
-0.01581842371110952 0.050631677457128633
-0.015817362682010706 0.05065007833636804
-0.015816306816070522 0.050668389673616004
-0.015815256075693156 0.0506839537336467
-0.015814210423646915 0.05069944242292665
-0.015813169823059834 0.0507148562876207
-0.01581213423741534 0.05073019586862947
-0.015811103630547985 0.05074546170165263
-0.015810077966639226 0.05076065431725122
-0.015806428838937688 0.0507810143637897
-0.015802797129506805 0.05080127722633516
-0.01579918271393035 0.05082144359905897
-0.015795585468974215 0.05084151416953706
-0.015792005272572372 0.050861489618828054
-0.015788442003813092 0.05088137062155029
-0.01578489554292532 0.050901157845957806
-0.015778780609661796 0.05092342836227783
-0.015772694385005146 0.05094816434237288
-0.01576663666725555 0.05097278446307637
-0.015760607256598246 0.050997289536486856
-0.015754605955081533 0.05102423207131413
-0.015748632566595127 0.051051049292025925
-0.015742686896848802 0.05107774207087827
-0.0157367687533513 0.051101777288035416
-0.015733415344192054 0.051123173015504085
-0.015730077388531234 0.05114447014515032
-0.015726754779792993 0.051165669356959105
-0.015723447412379243 0.05118677132467701
-0.01572015518165846 0.051207776715883634
-0.015716877983954665 0.05122868619206192
-0.01571361571653654 0.051244511594688846
-0.015710368277606676 0.05126026506366747
-0.01570962685697853 0.051273463515691495
-0.01570888879119486 0.05128412398229569
-0.01571063401702738 0.05128731651319138
-0.015709897007485867 0.051292962655120795
-0.015709163310346785 0.05129858342113142
-0.015708432903329406 0.051304178981913307
-0.015707705764352372 0.051309749506629046
-0.015706981871531488 0.05131774083048513
-0.01570626120317751 0.051323256337610666
-0.015707985120137116 0.0513287473313712
-0.01570970139223216 0.05133421397482681
-0.015708979490436505 0.051339656429594566
-0.015708260775845244 0.051345074855864446
-0.015707545227397555 0.05135046941241508
-0.01570683282421777 0.05135584025662922
-0.015706123545613335 0.05136118754450909
-0.015705417371072814 0.05136651143069146
-0.01570471428026391 0.051371812068462544
-0.015704014253031518 0.051374702271296147
-0.01570331726939579 0.05137757990803048
-0.015702623309550235 0.05138282204170037
-0.015699554303658127 0.05138804148215091
-0.015696498554810912 0.0513932383764224
-0.015695823777280273 0.05139368937156153
-0.015695151902018586 0.05139649523349169
-0.01569448291034171 0.051399289053095966
-0.015693816783725553 0.05140207090773406
-0.015690805941425707 0.05140484087410448
-0.01568780793853865 0.051409935463988796
-0.015684822693110688 0.05141500837476722
-0.015681850123884122 0.05142238598457484
-0.015678890150289868 0.051427411021747034
-0.0156759426924402 0.05143473121534621
-0.015673007671121543 0.051439709005039254
-0.015670085007787386 0.051444665835617805
-0.01566717462455127 0.05144960183917712
-0.015664276444179878 0.05145451714670474
-0.01566139039008619 0.05145941188809207
-0.015658516386322745 0.05146199853377264
-0.015653365412405258 0.05146457440176288
-0.015648235856258737 0.0514671395592833
-0.015643127584577553 0.051469694072996584
-0.01563804046516006 0.051472238009013335
-0.015632974366897184 0.05147477143289778
-0.01562792915976117 0.05147729440967343
-0.015622904714794432 0.0514798070038286
-0.015617900904098609 0.05148230927932194
-0.015612917600823669 0.05148480129958785
-0.015607954679157217 0.05148728312754183
-0.015603012014313893 0.0514897548255858
-0.01559808948252492 0.05148998444940534
-0.015593186961027773 0.05149244060940469
-0.015586075675888189 0.051497109499709856
-0.015578993181376701 0.05150175948762512
-0.015571939303004654 0.05150860414036559
-0.015564913867690558 0.051513212203650835
-0.015557916703745936 0.05151780172342186
-0.015550947640861332 0.05152237281138658
-0.015541804596857068 0.051526925578357446
-0.015532698125028823 0.05153146013426044
-0.015523628006381528 0.05153597658814385
-0.01551678277805649 0.05153829220284692
-0.015509964767339108 0.05154059861033447
-0.01550317381221981 0.05153854674998948
-0.015496409751972274 0.05153650301582406
-0.015489672427140734 0.0515344673596593
-0.015482961679527464 0.051532439733696374
-0.015476277352180389 0.051530420090512834
-0.015469619289380846 0.05153056170157465
-0.015462987336631498 0.05153070275729897
-0.015456381340644379 0.05153084326094609
-0.015449801149329083 0.05153312367482918
-0.015443246611781099 0.051533258911566314
-0.015434579923203186 0.05153765763650461
-0.015425946891668294 0.05154203927901596
-0.01541734732149594 0.051544280317562606
-0.015408781018519613 0.051546512686714493
-0.01540024779007215 0.05154873643668046
-0.015393864506058934 0.051550951617282396
-0.015387505773138077 0.05155105074902027
-0.015381171449940525 0.051549045778285986
-0.015372756502110627 0.051551247635356484
-0.01536437373381354 0.05155134563246092
-0.015356022960815296 0.051553534696462115
-0.015347704000285617 0.05155571542117188
-0.015339416670784568 0.051557887854152704
-0.015331160792249368 0.05156005204260609
-0.015322936185981347 0.05156220803337593
-0.015314742674633054 0.051564355872951946
-0.015306580082195508 0.05156856313268194
-0.0152984482339856 0.05157275454585929
-0.01528828157836607 0.0515789897113636
-0.015278153071548112 0.05158520148037447
-0.01526806249921262 0.05159138998433286
-0.015258009648642868 0.05159755535369701
-0.015247994308709571 0.0516036977179516
-0.0152380162698561 0.05161185729343911
-0.015228075324083866 0.05161998653593224
-0.015218171264937876 0.051628085614260286
-0.015208303887492428 0.051636154696001926
-0.01519847298833698 0.051646218702860076
-0.015186651049842794 0.05165624557316156
-0.015174872654400151 0.051666235512080716
-0.01516313756188193 0.05167618872328326
-0.015151445533923408 0.0516861054089401
-0.015139796333906127 0.05169799173226674
-0.015128189726941925 0.05170983459554465
-0.015116625479857156 0.05172163423669381
-0.015105103361177066 0.05173339089190071
-0.015093623141110358 0.05174709591531605
-0.01508218459153391 0.05176075119272988
-0.015070787485977667 0.05177634064216691
-0.015059431599609693 0.05179187371023165
-0.0150461332681585 0.051811302885804135
-0.015032882858622447 0.0518306620463295
-0.015019680112430048 0.0518499515695868
-0.015006524772866707 0.051869171830642095
-0.014993416585058072 0.05188832320187282
-0.014980355295953584 0.05190740605299181
-0.014967340654310183 0.05192642075107108
-0.014954372410676205 0.051943416357366434
-0.014941450317375446 0.05195840338748139
-0.014928574128491384 0.05197333717770251
-0.014917691873519746 0.05198821801122071
-0.014906848139804646 0.052003046169222036
-0.01489604272316981 0.05201782193090534
-0.014885275420879366 0.05203254557349981
-0.014874546031625155 0.05204914488742457
-0.014863854355514194 0.052063761728188274
-0.014853200194056252 0.052078327281791396
-0.014842583350151579 0.052094759205786094
-0.01483200362807874 0.05210921963948572
-0.014821460833482595 0.05212362960046737
-0.014810954773362396 0.05213798935252573
-0.014802396221485931 0.05215229915762042
-0.014793867386803482 0.05216655927589186
-0.014783463773177285 0.05218076996567709
-0.014773096158214155 0.05219493148352535
-0.014760866555135458 0.05220526154649902
-0.01474678456288664 0.05221177900892703
-0.01473085971889409 0.05221827403602827
-0.014716877676509086 0.05222474674344875
-0.014702943599964166 0.05223119724604103
-0.01468905724285947 0.052237625657871
-0.014675218360479917 0.052244032092224627
-0.014661426709780842 0.0522504166616146
-0.014647682049373755 0.05225677947778688
-0.01463398413951227 0.052263120651727286
-0.014618467103966776 0.052269440293667896
-0.014603002668541774 0.05227573851309345
-0.014587590566231578 0.052282015418747683
-0.01457223053183459 0.05228271879670434
-0.014556922301938101 0.052283419802391325
-0.014541665614903214 0.052282273472961334
-0.014526460210849959 0.05228113099673951
-0.014511305831642517 0.05227815336251085
-0.014496202220874634 0.05227518570360624
-0.014481149123855137 0.05227222796998224
-0.014466146287593636 0.05226745012764209
-0.014451193460786339 0.05226268821144307
-0.014436290393802028 0.05225794214188698
-0.014421436838668164 0.05225321184000384
-0.014406632549057132 0.05224667918516266
-0.014391877280272627 0.05224198319381013
-0.01437717078923617 0.05223730272639596
-0.014362512834473758 0.05223082866409295
-0.014347903176102659 0.052224375933131964
-0.014333341575818304 0.052216141145906836
-0.014318827796881355 0.052207933402317906
-0.014304361604104853 0.052199752569363704
-0.014289942763841533 0.05219159851491344
-0.014275571043971228 0.05218347110769994
-0.01426124621388843 0.05217537021731259
-0.01424696804448994 0.05216729571419035
-0.014230949520980656 0.052157464527686805
-0.014214983005664582 0.05214766526061996
-0.01419906824566558 0.05213789775778996
-0.014183204989744243 0.0521263873985266
-0.014167392988284688 0.05211668582924709
-0.014151631993281455 0.052107015555352354
-0.01413592175832654 0.05209561053148388
-0.014120262038596561 0.05208424217971788
-0.014104652590840034 0.052072910323463166
-0.014089093173364776 0.052061614787260554
-0.01407358354602544 0.05205035539677379
-0.014056368063290012 0.05203738001607109
-0.01403920749437511 0.052024446024142565
-0.014023851393406806 0.05201155322327114
-0.014008544119468606 0.052002188458233366
-0.013996773908248532 0.051996334224126285
-0.013986782437673888 0.05198876099286817
-0.013976822585677014 0.051981211727531756
-0.013966894202406828 0.05197195407237691
-0.013956997138957683 0.05196272562118154
-0.01394713124736192 0.051953526235974185
-0.013937296380582498 0.051944355779651126
-0.013927492392505679 0.05193521411596959
-0.013917719137933802 0.05192610110954097
-0.013907976472578115 0.05191701662582418
-0.013898264253051662 0.051907960531119
-0.013888582336862266 0.05189893269255955
-0.013878930582405547 0.0518950563182849
-0.013869308848958026 0.051891192001161955
-0.013859716996670279 0.05188733968502387
-0.013851858493302553 0.051881799656009524
-0.013844024319666618 0.0518762767787878
-0.01383621436295073 0.0518707709738295
-0.013828428511039522 0.05186359019346905
-0.013820666652508626 0.05185812090344948
-0.013812928676619363 0.05185266844201459
-0.013805214473313478 0.0518472327316133
-0.013797523933207916 0.05184181369517029
-0.013789856947589663 0.05183641125608239
-0.013782213408410607 0.05183102533821494
-0.013776270773351043 0.05182565586589823
-0.013770346256081293 0.05182030276392395
-0.013764439773871725 0.051816634571601745
-0.01375855124449562 0.05181297752880027
-0.013752680586225363 0.051809331584762995
-0.01374682771782865 0.05180569668904098
-0.013740992558564757 0.051802072791490586
-0.013735175028180816 0.05179845984227117
-0.013729375046908137 0.05179485779184276
-0.01372359253545857 0.05179291743522319
-0.013719479717634923 0.05179098291426263
-0.013715379250615552 0.05178905420267433
-0.013711291078849613 0.051787131274329164
-0.013707215147118902 0.0517852141032545
-0.013703151400535367 0.051781664157522035
-0.013699099784538649 0.051778124808642495
-0.013695060244893633 0.05177459600923801
-0.013691032727688039 0.05177107771221271
-0.01368701717933001 0.05176756987075063
-0.013683013546545742 0.05176407243831366
-0.01368064956112451 0.051760585368639464
-0.013678292569742984 0.05175873015507114
-0.013675942541408375 0.05175688042219283
-0.013673599445310743 0.051755036145753684
-0.013671263250821644 0.05175481149770541
-0.013668933927492808 0.05175619915016333
-0.013666611445054806 0.05175758272728363
-0.013662684696136447 0.05175414096435248
-0.013658769445750792 0.05175070927979007
-0.013654865643465679 0.05174728762939306
-0.013652577260609837 0.05174547620365154
-0.013650295549424128 0.05174367005903463
-0.013646421128948595 0.05174186917248066
-0.013642557971323284 0.051741666601184864
-0.013638706027508204 0.05174146461790445
-0.013634865248747663 0.051741263220082816
-0.013631035586568193 0.05174106240517818
-0.013627216992776525 0.0517424458629295
-0.013621823876545095 0.05174382532801775
-0.01361644630243537 0.05174520081770229
-0.013611084203359053 0.05174814902304351
-0.013605737512613415 0.0517510887565303
-0.013600406163878524 0.05175402005462688
-0.013595090091214509 0.051758512665715024
-0.01358978922905883 0.05176299242240807
-0.013584503512223596 0.05176745937979627
-0.013579232875892886 0.05177191359265555
-0.013573977255620097 0.05177635511544971
-0.013568736587325325 0.05178078400233264
-0.013563510807292754 0.051785200307150565
-0.013558299852168077 0.051789604083444185
-0.013553103658955934 0.05179399538445085
-0.013549476311040485 0.051795274620355575
-0.01354585920987056 0.05179655024259955
-0.013542252312088986 0.0517978222664733
-0.013538655574582852 0.05179909070718121
-0.0135350689544818 0.05180189677303587
-0.01353149240915631 0.05180469495668308
-0.013527925896216026 0.0518074852912878
-0.01352436937350807 0.0518102678098292
-0.013520822799115378 0.05181304254510195
-0.013517286131355069 0.05181580952971752
-0.013513759328776798 0.05181856879610543
-0.013510242350161138 0.051822846364069274
-0.013506735154517986 0.05182711203337398
-0.013503237701084952 0.05183288741909811
-0.013499749949325797 0.05183864678433479
-0.013496271858928856 0.051844390195651145
-0.013492803389805488 0.051850117719246025
-0.013490862119083675 0.051855829420952515
-0.013488926203591439 0.0518615253662405
-0.013486995621199734 0.05186569662963983
-0.013485070349901266 0.05186985641776158
-0.01348315036780966 0.05187400477789399
-0.013481235653158638 0.05187814175706581
-0.013479326184301178 0.0518807664992203
-0.013477421939708719 0.05188188503365241
-0.013477023889116124 0.051888987352467456
-0.01347662692460973 0.051896070292513564
-0.013477727899627149 0.05190313393299552
-0.013478825878794181 0.051907197509405256
-0.013479920874322173 0.05191125004348779
-0.013481012898356194 0.05191529158019154
-0.013483590661069255 0.0519193221642213
-0.013486161447428558 0.051921859216136894
-0.01348872528571662 0.051924389411155424
-0.013492764824919434 0.05192839139925663
-0.013496793475876416 0.05193238260032792
-0.013500811282550878 0.051936363057923915
-0.013504818288669763 0.05194033281536508
-0.013510289144793203 0.0519428212324315
-0.013515745333742047 0.05194530297813849
-0.013521186914420615 0.05194777807927866
-0.013526613945418223 0.05195024656250135
-0.013533493160348343 0.05195270845431356
-0.013540354030705314 0.051955163781080935
-0.013547196629769723 0.05195761256902869
-0.013554021030432368 0.05196005484424255
-0.013560827305196836 0.051962490632669646
-0.013567615526182089 0.05196491996011948
-0.013574385765124996 0.051965891476952554
-0.013581138093382869 0.051966860423635276
-0.013586421406470385 0.051970721721086424
-0.013591690779417827 0.05197457283041764
-0.013596946267324564 0.05197841379189819
-0.013602187924999967 0.05198224464558537
-0.013607415806965319 0.05198462566908637
-0.013612629967455695 0.05198700044318185
-0.013617830460421849 0.05198936899244354
-0.01362301733953207 0.05199173134131448
-0.013628190658174031 0.051992655111023994
-0.013633350469456613 0.05199500700191018
-0.01363849682621173 0.05199592409208904
-0.013643629780996131 0.051996838794012214
-0.013648749386093187 0.05199775111699671
-0.013652428963299561 0.05199866107031112
-0.013656098995558577 0.05199956866317594
-0.013661182553984838 0.052000473904763915
-0.013666252959607925 0.0520013768042003
-0.013671310263407697 0.052002277370563205
-0.01367635451610089 0.05200317561288388
-0.01368138576814281 0.05200407154014704
-0.013686404069729026 0.052004965161291106
-0.013691409470797023 0.052005856485208585
-0.013696402021027877 0.0520067455207463
-0.013701381769847882 0.05200763227670572
-0.01370634876643019 0.05200851676184321
-0.013711303059696433 0.052007997558977656
-0.013716244698318317 0.052007479682300774
-0.013721173730719226 0.05200696312673786
-0.013726090205075803 0.05200644788724008
-0.013730994169319513 0.05200593395878427
-0.013735885671138207 0.05200542133637283
-0.013740764757977666 0.0520049100150335
-0.013747023796216068 0.05200578898227565
-0.013751876432044442 0.05200527849004616
-0.013758105597020464 0.052004769288568196
-0.013764319031781899 0.05200287748516906
-0.013770516795837757 0.05200099045302692
-0.013776698948397252 0.05199910817411436
-0.013782865548371694 0.051997230630494655
-0.01378763657921624 0.051995357804321234
-0.013792395637586899 0.05199348967783708
-0.01379714276849297 0.051991626233374194
-0.013801878016718425 0.051989767453353014
-0.013806601426823318 0.05198791332028189
-0.013811313043145175 0.05198606381675651
-0.013816012909800396 0.051985585557784215
-0.013820701070685615 0.05198510848999243
-0.01382537756947908 0.05198463260893644
-0.013830042449642003 0.05198415791019364
-0.013834695754419904 0.05198368438936334
-0.01383933752684396 0.051983212042066705
-0.013843967809732311 0.051982740863946546
-0.013848586645691394 0.0519836255046204
-0.013854550299126439 0.05198450796099628
-0.013860499245647957 0.05198538824115423
-0.013866433539591836 0.05198626635313445
-0.013872353235026627 0.05198714230493759
-0.013878258385755191 0.051988016104525
-0.013884149045316322 0.05199023228541497
-0.013890025266986373 0.05199244303448902
-0.013894542501788875 0.051994648371692646
-0.01389904869200751 0.05199684831687376
-0.013904885196569254 0.05200038069083869
-0.013909367783037623 0.05200390444925737
-0.01391383944968512 0.05200741962361168
-0.013918300236365103 0.05201092624523035
-0.013922750182737238 0.05201442434528979
-0.013927189328268662 0.05201791395481511
-0.013931617712235164 0.052022723016390784
-0.013936035373722325 0.052027520433749565
-0.01394044235162669 0.05203230624913166
-0.013943511894481007 0.05203708050457322
-0.013946574031924338 0.052041843241907575
-0.013949628790723225 0.05204659450276641
-0.013952676197515378 0.05205133432858107
-0.013955716278810433 0.05205606276058367
-0.013958749060990734 0.052059464681152176
-0.013961774570312089 0.05206285844363779
-0.013963477117869313 0.05206624407735098
-0.013965175592346259 0.05206962161146199
-0.013966870008341776 0.05207299107500164
-0.013968560380385037 0.052076352496862204
-0.013968937236412463 0.05207970590579818
-0.013969313195163634 0.05208435552942788
-0.013969688259839297 0.052088994095688665
-0.013970062433624994 0.05209362164397733
-0.013969132405715508 0.05209953761166688
-0.013968204581663628 0.0521041417018838
-0.013967278953645008 0.052108734894845764
-0.013966355513872295 0.05211331722919553
-0.013965434254594912 0.052116595322896773
-0.013964515168098844 0.05211986568524495
-0.013962304105930546 0.05212183781462611
-0.013960098246261467 0.05212380530370284
-0.013959188670068361 0.05212448052093596
-0.01395828122903064 0.0521251541531521
-0.013957375915638962 0.05212582620592577
-0.01395647272241916 0.05212649668480535
-0.013955571641932039 0.052125883823327196
-0.01395338910892419 0.05212271141279554
-0.013951211669342262 0.05211954640578905
-0.013949039305377078 0.052116388776421274
-0.013946871999302382 0.05211196227140887
-0.013943432111724975 0.05211009540946125
-0.013940000214594905 0.05210695975905332
-0.013936576280103186 0.05210383138393636
-0.013934433460992074 0.0520994399466094
-0.013932295602110387 0.05209125135376961
-0.013930162686255014 0.052084349463204
-0.01392803469630231 0.05207619720716453
-0.013925911615207627 0.052068063756790676
-0.013923793426004869 0.052059949047085885
-0.013922944467984068 0.052050590955060344
-0.013922097461590902 0.05203999364668525
-0.013921252400103345 0.052029420671968876
-0.013919149270501408 0.052015097736772965
-0.013917050959065796 0.0520008076147161
-0.013914957449258185 0.05198655019316737
-0.013912868724615848 0.05197232536001076
-0.013910784768751234 0.05195813300364217
-0.013908705565351532 0.051943973012966556
-0.013907882493985446 0.05192984527739499
-0.013907061295364223 0.05191574968684179
-0.013906241963103501 0.05190168613172166
-0.013905424490847912 0.05188765450294687
-0.013903363151728144 0.0518736546919244
-0.013901306481553155 0.05185968659055317
-0.013900497366648603 0.05184450887950186
-0.013899690080252311 0.051829365468362525
-0.01389888461617294 0.05181425624099551
-0.013898080968247073 0.051797943963660144
-0.013897279130339057 0.05178166842568814
-0.013897714972248008 0.05176419506692173
-0.013898149834736938 0.0517455278268097
-0.013898583721103558 0.05172690248847119
-0.013899016634630793 0.05170708843358822
-0.013900678880035006 0.05168731875508796
-0.013902337406769414 0.051666365487592666
-0.013903992227298826 0.0516454590430415
-0.013905643354032415 0.05162459926466121
-0.013908515573074745 0.05160378599637764
-0.013911381395192704 0.05158301908281185
-0.01391424084173309 0.05156474025331729
-0.013917093933947834 0.051547721489127334
-0.013919940692994508 0.05153074050243835
-0.013922781139936866 0.05151258042579175
-0.013925615295745354 0.05149446057079886
-0.013928443181297628 0.05147516666035865
-0.01393126481737907 0.05145712819042147
-0.013935292787890385 0.05144034091039049
-0.01393931187643806 0.05142359064751504
-0.013943322112367788 0.05140687727949173
-0.013947323524896131 0.05139020068455539
-0.013951316143111226 0.051372354696294566
-0.013955299995973487 0.05135454788693223
-0.013959275112316314 0.05133798352793598
-0.013962038254400306 0.05132265744109763
-0.013964795350221533 0.05130976593534275
-0.013967546419603806 0.051294504187046765
-0.013970291482284371 0.05128047371306657
-0.013973030557914379 0.051266473839902044
-0.013975763666059354 0.0512525044675505
-0.01397849082619966 0.05123975943677094
-0.013981212057730967 0.05122704211258002
-0.013983927379964702 0.05121435240472829
-0.013987828333023995 0.051205259758593795
-0.013991720833313927 0.05119499836679977
-0.013995604908278557 0.051184759185810495
-0.013999480585243262 0.05117335615652257
-0.014003347891415389 0.051161977755807615
-0.014007206853884877 0.05115062390396152
-0.014011057499624906 0.05113929452162372
-0.014014899855492513 0.05112798952977533
-0.014018733948229221 0.05111670884973738
-0.014022559804461663 0.0511054524031689
-0.014026377450702187 0.05109422011206515
-0.014030186913349486 0.05108301189875584
-0.014032812006413353 0.05107300224483074
-0.01403543148430489 0.05106301400193007
-0.014038045365021448 0.051054219043240756
-0.014040653666483539 0.05104544285714202
-0.014043256406535264 0.05103668538359361
-0.014045853602944707 0.05102911465057262
-0.01404844527340434 0.05102156002549423
-0.014049863930691471 0.05101518694973178
-0.014052445841417915 0.05100882740491575
-0.01405502227619372 0.05100248134799965
-0.01405642945787211 0.05099731041014638
-0.014057833661388219 0.05099098997133462
-0.014059234896186535 0.05098352356235528
-0.014060633171671654 0.05097607292192712
-0.014062028497208492 0.050968638000149655
-0.014063420882122491 0.05096121874733273
-0.014064810335699831 0.050953815113995424
-0.014066196867187627 0.05094758028814793
-0.014067580485794148 0.05094135856067407
-0.014068961200689007 0.050936300593679144
-0.014070339021003372 0.050931253230388614
-0.01407171395583017 0.050927364614754965
-0.014073086014224275 0.050923484134300465
-0.014074455205202717 0.05091961176352299
-0.01407582153774488 0.05091689194014851
-0.01407718502079269 0.050914177788981274
-0.014078545663250817 0.05091146929229564
-0.014079903473986867 0.05090876643243974
-0.014081258461831572 0.05090492948739589
-0.014082610635578991 0.050901100511085255
-0.014083960003986682 0.050898416818616045
-0.014085306575775914 0.05089687472907161
-0.014086650359631834 0.05089533583225915
-0.014087991364203667 0.0508938001182736
-0.014089329598104897 0.05089226757725083
-0.014090665069913452 0.05089073819936743
-0.014091997788171886 0.05088921197484048
-0.014093327761387563 0.0508876888939274
-0.014094654998032839 0.05088616894692566
-0.014094850360406284 0.050885778702372236
-0.01409504532162496 0.05088538925914234
-0.014096366712864928 0.05088500061477035
-0.014097685396335963 0.05088573575770704
-0.014099001380352603 0.05088646939574519
-0.014100314673195388 0.05088720153350105
-0.014101625283111013 0.050889051598501656
-0.01410181213750314 0.050890897887859395
-0.014101998610948496 0.050892740413120585
-0.014102184704610866 0.05089457918578451
-0.014103488079052356 0.05089641421730364
-0.0141047888043588 0.05089935912514159
-0.014106086888598634 0.05090229805347124
-0.014107382339807554 0.05090523102048582
-0.014108675165988696 0.050908158044304826
-0.014109965375112792 0.05091107914297441
-0.014111252975118335 0.0509139943344677
-0.014112537973911744 0.050915796779755204
-0.01411382037936753 0.05091759558741346
-0.014115100199328443 0.05091939076844337
-0.014116377441605649 0.05092118233380153
-0.01411875736755474 0.05092407269717783
-0.014121132509733078 0.050928058415667256
-0.014123502882549613 0.05093203613070589
-0.014125868500355482 0.05093600586637635
-0.014128229377444306 0.050939967646664704
-0.01413058552805247 0.05094392149546099
-0.01413293696635942 0.05094786743655968
-0.014135283706487933 0.05095071092916036
-0.014137625762504415 0.05095245514496868
-0.014139963148419166 0.050955288393607634
-0.014142295878186679 0.050958115998325004
-0.014144623965705897 0.05095984763929094
-0.014146947424820505 0.0509615758376307
-0.014149266269319196 0.050963300603600374
-0.014151580512935944 0.05096502194741534
-0.014153890169350281 0.0509667398792505
-0.014155107507579236 0.05096845440924044
-0.014156322437621782 0.05097016554747966
-0.014157534966616814 0.05097187330402275
-0.014158745101675035 0.05097249583789931
-0.014159952849879098 0.050973117143898405
-0.014161158218283744 0.05097373722564922
-0.014162361213915939 0.05097435608676667
-0.014163561843775013 0.050973896012931556
-0.014164760114832793 0.050973436842974305
-0.014165956034033736 0.05097297857423385
-0.014167149608295071 0.050972521204059554
-0.01416834084450692 0.05097206472981116
-0.014169529749532447 0.05097160914885876
-0.014170716330207972 0.0509711544585827
-0.014171900593343115 0.05097070065637359
-0.014173082545720922 0.0509702477396322
-0.014174262194097991 0.050969795705769455
-0.014175439545204609 0.05096827720986143
-0.014176614605744872 0.050966761668225606
-0.014177787382396815 0.05096524907224894
-0.014177891222401668 0.05096373941335184
-0.014177994860971013 0.05096116936636582
-0.014178098298690418 0.05095860430009102
-0.014178201536143182 0.05095604420006264
-0.01417830457391035 0.05095242870789648
-0.014178407412570723 0.05094882020218862
-0.014178510052700863 0.050945218662707986
-0.014178612494875112 0.05094162406930157
-0.014178714739665595 0.05093803640189401
-0.014178816787642235 0.050934455640487236
-0.014177862203140589 0.05093088176516009
-0.01417690945261493 0.050927314756067966
-0.014175958530785095 0.05092375459344243
-0.014175009432391179 0.05092020125759086
-0.014174062152193419 0.050916654728896095
-0.014173116684972113 0.050913114987816054
-0.01417217302552752 0.050909582014883395
-0.014171231168679767 0.050906055790705146
-0.014170291109268745 0.05090253629596235
-0.014169352842154027 0.05089902351140972
-0.014168416362214767 0.05089551741787529
-0.014167481664349604 0.05089201799626005
-0.01416654874347658 0.05088956742874533
-0.014165617594533041 0.050887121515679826
-0.014164688212475542 0.05088468024381558
-0.014163760592279763 0.05088224359995488
-0.014162834728940416 0.05087981157094997
-0.014161910617471152 0.05087842130494929
-0.014160988252904478 0.050877033667050695
-0.01416006763029166 0.05087564864980913
-0.014159148744702638 0.05087426624580764
-0.014158231591225943 0.050872886447657244
-0.014157316164968601 0.05087150924799677
-0.014157436039307667 0.050870134639492755
-0.014157555688319029 0.050868762614839316
-0.014157675112637411 0.050867393166758
-0.014157794312895159 0.050866026287997655
-0.014157913289722244 0.05086466197133433
-0.014158032043746284 0.050864326577163096
-0.014158150575592542 0.05086399181048329
-0.014158268885883946 0.0508636576695356
-0.0141583869752411 0.050863324152567266
-0.01415850484428229 0.050862991257832085
-0.014158622493623495 0.05086265898359035
-0.014158739923878404 0.050862327328108844
-0.01415885713565842 0.050861996289660795
-0.014158974129572675 0.05086268449024752
-0.014159090906228036 0.050863371412838726
-0.01415920746622912 0.05086405706099099
-0.014159323810178301 0.05086474143824769
-0.014159439938675725 0.05086542454813912
-0.014159555852319313 0.050866106394182445
-0.014159671551704783 0.05086678697988189
-0.014159787037425643 0.05086847823398088
-0.014159902310073216 0.05087016636768485
-0.014160017370236647 0.05087286133281127
-0.014160132218502907 0.05087555133483432
-0.014160246855456811 0.05087823638745163
-0.01416036128168102 0.050880916504310446
-0.014160475497756057 0.05088359169900791
-0.014160589504260314 0.05088626198509125
-0.014160703301770062 0.0508899316465111
-0.014160816890859464 0.050893594586939345
-0.014160930272100577 0.05089725082482335
-0.01416104344606337 0.05090090037854302
-0.014161156413315728 0.05090454326641116
-0.014161269174423466 0.0509081795066737
-0.014161381729950332 0.05091180911751005
-0.014161494080458024 0.050916429864902794
-0.014160606505230973 0.0509210422032921
-0.014159720543777062 0.05092664196711298
-0.01415883619169909 0.050933226341298425
-0.014157953444615814 0.05093979876562146
-0.014157072298161882 0.050945366293854134
-0.014156192747987758 0.05095092373598494
-0.01415531478975965 0.05095647111939696
-0.014154438419159443 0.05096200847137424
-0.014152571106574125 0.05096753581910224
-0.014150707164589143 0.05097305318966827
-0.01414884658408655 0.05097856061006196
-0.014146989355981259 0.050984058107175656
-0.01414513547122089 0.05099053153637287
-0.014143284920785633 0.05099699332271181
-0.014140450494695738 0.05100344349757486
-0.014139593760774045 0.05100791562168363
-0.014137753159542151 0.051013362138979224
-0.014135915856878775 0.05101879889549113
-0.014134081843924732 0.051024225917434524
-0.01413225111185254 0.051029643230930795
-0.014130423651866267 0.05103505086200795
-0.014128599455201398 0.05104044883660104
-0.014126778513124692 0.05104583718055257
-0.014124960816934038 0.05105023963382725
-0.014123146357958331 0.051054634246579626
-0.01412133512755731 0.05105902103973636
-0.014118550446273024 0.0510634000341497
-0.014115770711136667 0.05106777125059783
-0.014112995908981917 0.05107213470978519
-0.014110226026689144 0.051076490432342775
-0.014107461051185198 0.051079868087047654
-0.014104700969443206 0.051083239763602614
-0.014101945768482366 0.05108757411372741
-0.014099195435367747 0.05109190080598979
-0.014096449957210083 0.05109525293466425
-0.014093709321165571 0.05109859915129519
-0.014090973514435676 0.05110097413312652
-0.014088242524266922 0.0511033449336518
-0.014085516337950712 0.05110474780984831
-0.014082794942823103 0.05110614822053306
-0.014080078326264641 0.051107546172199925
-0.014077366475700142 0.051108941671320005
-0.014074659378598505 0.05111033472434171
-0.014071957022472529 0.05111076569228973
-0.014069259394878707 0.0511111959061381
-0.014066566483417042 0.05111162536786436
-0.014063878275730857 0.05111205407943913
-0.014062153533245239 0.05111152563870354
-0.014060431798157155 0.05111099811939905
-0.014058713062607552 0.05111047151911774
-0.014056997318764737 0.051108991822763614
-0.014055284558824257 0.05110751469979446
-0.014053574775008784 0.05110508768526012
-0.014051867959567988 0.05110266488429269
-0.014051117032374893 0.05110119709203244
-0.014049415304779433 0.05109973184360627
-0.014047716523898423 0.051098269132406816
-0.014046020682084681 0.05109680895184957
-0.014044327771717463 0.05109440377641217
-0.014042637785202348 0.05109294945571426
-0.014040950714971122 0.05109149764462929
-0.014039266553481677 0.0510909933026912
-0.014037585293217879 0.05108954567745911
-0.014036852473607475 0.051089043883413496
-0.014036120914219963 0.05108854295229831
-0.014034446689540403 0.05108898449625766
-0.014032775339066302 0.051089425282201624
-0.01403110685540262 0.051089865312080505
-0.014029441231179664 0.05109030458783791
-0.01402777845905298 0.051090743111410805
-0.014026118531703246 0.05109118088472951
-0.014024461441836162 0.05109161790971776
-0.014022807182182342 0.05109299006792389
-0.014021155745497215 0.05109435988456311
-0.01401950712456091 0.05109572736562408
-0.014017861312178161 0.051097092517075074
-0.01401621830117819 0.05109845534486403
-0.014015512374821687 0.051099815854918636
-0.014014807648000198 0.05110117405314648
-0.01401410411765888 0.05110252994543506
-0.014013401780753259 0.05110481295950157
-0.01401270063424917 0.05110616346984868
-0.014011070340221197 0.051107511693133385
-0.014009442804727958 0.05110885763516042
-0.014007818020774014 0.05111020130171488
-0.014007123959021612 0.05111246819548864
-0.014006431068681451 0.05111473126328135
-0.014005739346790428 0.051116990514770866
-0.014004123158113446 0.05111924595960244
-0.014002509690292823 0.051121497607388836
-0.014000898936463488 0.05112282386269725
-0.013999290889783446 0.05112414788900514
-0.013997685543433681 0.05112638974932491
-0.01399608289061806 0.05112862784813407
-0.013994482924563236 0.05113086219489158
-0.013992885638518554 0.05113309279902471
-0.013990371565752207 0.051135319669929166
-0.01398786169712092 0.05113754281696923
-0.013985356022088016 0.05113884680389665
-0.013982854530151995 0.05113923382669889
-0.013979440796135516 0.051139620203925144
-0.013975117080742476 0.051143658345217495
