0.0054944502032164945 0.06146095588276596
0.0054944502032164945 0.06146095588276596
0.0054944502032164945 0.06146095588276596
0.007417349878894556 0.07074084532177523
0.011427003715989995 0.06976043011795893
0.015015019365708015 0.06782969808917948
0.017577887686935172 0.06645060378290843
0.019088355191190242 0.06527937611082794
0.020263163250055297 0.06534153090992416
0.021203009697147338 0.06539125474920113
0.021872159528203036 0.06523297413314637
0.022338281156217093 0.06500986270349954
0.022648222147227816 0.06473686987113542
0.022913885853808436 0.06450287601482332
0.023144127732844973 0.06430008133935283
0.023345589377001943 0.06412263599831615
0.023523349651258095 0.06396606657975437
0.023681358783930226 0.06382689376325501
0.023822735376321083 0.06370237071691348
0.024059781499443027 0.06331652166880508
0.024274251801315268 0.06296742014908796
0.0244692248030173 0.0626500551311633
0.024599502814380537 0.062360287071319055
0.024718924324796835 0.06209466634979516
0.02482879211437983 0.06206931793111399
0.024887973726878936 0.06196169623262255
0.024983442072712 0.06206476475279698
0.025072091250985563 0.062355810901308706
0.025154626692826466 0.0626267849016472
0.025231659771877975 0.06287969396862982
0.025303722974861644 0.06311628632161355
0.02540559593935847 0.06337226064860345
0.02550129478479488 0.06351330545230889
0.025623657518211964 0.06354951841775075
0.025739028095433783 0.06352112180516885
0.025878486372518102 0.0635247064209308
0.026040077288064227 0.06355767506569841
0.02619316341858161 0.06358890851863615
0.02633839897830323 0.06361854025603862
0.026476372760038763 0.06364669040657096
0.026607616113396956 0.06367346737902856
0.0267326097832619 0.0636989692575596
0.026851789794063358 0.06372328500220548
0.026990501335432328 0.06367186843130913
0.0271474405398195 0.0635740747721764
0.027297556300537665 0.06348053301126684
0.02744128415654442 0.06334436810477742
0.027579023351884224 0.06319105605581843
0.027711140539250976 0.06302164394435589
0.027837973039123057 0.06281517936885052
0.028002872636049225 0.06259532291300988
0.028161429940785923 0.062383922474701585
0.028314003951004255 0.062118452635004845
0.02846092707195524 0.06186281501159317
0.028602507533962554 0.0616164733017601
0.02873903155089818 0.061378929510135356
0.02885151084592117 0.06109200961930896
0.028979033977583866 0.06079607440306036
0.029102234291224098 0.06045439444867756
0.029239618157112412 0.06008753104155273
0.02937249763395521 0.059678724817383164
0.029518789446652514 0.059229992969485445
0.029660437074819742 0.058795506577076544
0.029797658214606747 0.05837459788443042
0.02993065716547723 0.057966640228481095
0.030059625845109208 0.057571044925742366
0.03018474471340889 0.05718725843801076
0.03033845371901281 0.0567663231350806
0.030503606493124308 0.05632576068441793
0.03067971115277578 0.055913472946988695
0.030850855117789185 0.05551279894864198
0.03101724508377444 0.05512325478358267
0.03117907642055462 0.05474438306140169
0.03133653393742182 0.054375751115495884
0.03151904009469661 0.05389979637966364
0.0316967434583589 0.05343636676845855
0.03188407297207516 0.052984974290012046
0.03206659916492691 0.05254515597767955
0.032244504441503924 0.0521164723061656
0.03241796208616651 0.051671041700276046
0.03260067397769844 0.05119591833244459
0.03276555741717176 0.050732383339438296
0.03292646776171802 0.05033296433656111
0.0330835469075846 0.049982287233434064
0.03323693007354845 0.0496786263931393
0.033373994790519175 0.049394797544454166
0.03350790859445609 0.04911749349688824
0.033638778902848984 0.04884649181403971
0.033766708305435295 0.04859391903005451
0.033891794832408575 0.04837136057237345
0.03401413220494289 0.04816575911246798
0.03413381006937863 0.04798849379872077
0.03423912143505079 0.04785044925644645
0.034342192133368234 0.04773869199036216
0.03440845281716936 0.04759462960659893
0.03447333307005796 0.04744213448167913
0.034525564906254615 0.04731541506812789
0.03457673078661051 0.047180081909604696
0.03462686301281781 0.047080740337230136
0.034665020282901506 0.04697241145868142
0.03468069188883672 0.04688795778108247
0.03469605620838104 0.046794401981704446
0.03471112219162353 0.046745271818121936
0.03472589844441905 0.04671818042637932
0.03472994085320752 0.04668115901916359
0.03473390699013206 0.04669656337719766
0.034737798993656144 0.046752655450019054
0.03473145609124132 0.04682799996061289
0.03472522957235704 0.04690196200312244
0.03470913746364741 0.04702436350565742
0.03468344568692739 0.047164284888285585
0.03464841069035187 0.04732125150783064
0.03461399578221131 0.04747543995711827
0.034570553957112754 0.04761732353620143
0.03452786764201591 0.04775673957477879
0.03447645204026371 0.0478937518885531
0.03441653039089711 0.048028422111493656
0.03434831838791795 0.04816080978828268
0.034262795677165524 0.04830016891844276
0.034160393082327996 0.04844632392164485
0.034050605434324366 0.04857197552537174
0.03394261758382899 0.04869556726674245
0.033827455169883586 0.04881714938630226
0.03370529138567547 0.04893677050393368
0.03358508222201469 0.049080739015598326
0.033458062570257685 0.0492137392559721
0.03332439297391708 0.049318793568739125
0.033184228980219256 0.049422206407869165
0.03304623807169504 0.04952401594716773
0.032901918875661976 0.04959056996253784
0.03275141605146554 0.0496728261252816
0.03260319357309026 0.049745540728653226
0.03244893891003855 0.04979245688674415
0.032288786893416875 0.049822320667662845
0.03212286837897967 0.04983550718213185
0.031959389842695966 0.04982431978351893
0.03179027737905941 0.04982129774428327
0.03162361582069295 0.04980243055265985
0.03145144704482932 0.04976805692086396
0.03128173782290661 0.04971067076523426
0.031106642597572662 0.04964631818600902
0.030934013502172997 0.049559691059660536
0.03075611445812435 0.04944357502158108
0.030580686234131935 0.04933669440013159
0.030415256060453925 0.04926156264579405
0.030244565609376956 0.04918746009357072
0.03007619747736226 0.04911436573933683
0.029910104590374787 0.04904225914664664
0.029746241138111983 0.04895639064554402
0.0295772367044331 0.04889361351578129
0.029410470740074468 0.04881713439477958
0.029245899064720554 0.048748880813374376
0.02908347865309676 0.048674347384819794
0.028923167597468078 0.048579402048118725
0.028757835492669224 0.04849276301146769
0.02859462303023959 0.048365012337283665
0.02843348970745874 0.048224900883156736
0.02826744102993752 0.04807961255735333
0.028096569706834537 0.04793615175766065
0.02792783427527034 0.047780755983488674
0.027761194936023713 0.047627290591604546
0.027596612872570255 0.04747571983418813
0.02743405022093831 0.04732600884066638
0.02727347004066773 0.04718482046851829
0.027114836286824675 0.047045343470578045
0.02695811378302792 0.046907546918396124
0.026809848423004434 0.046777976849460924
0.02666334812679075 0.04665648599940078
0.02651858156189321 0.04652993487163047
0.02637551813305328 0.046411332396146504
0.026234127960691016 0.046300538750931444
0.026094381860100404 0.046191033403916566
0.02595625132136633 0.046082794014670636
0.025819708489974027 0.04597579875633559
0.025684726148083353 0.045876300808235154
0.02555752140493314 0.04579041004267967
0.02543175400351344 0.0457054897942491
0.025307399718963623 0.0456338583775078
0.02518443486776073 0.04556302731179154
0.025068941207863613 0.04549908141301968
0.024954723721004036 0.04544190610889918
0.02484176137136269 0.045385359104823955
0.024730033582919617 0.04532943010079327
0.024613548027325738 0.04527410902071945
0.02450426169250927 0.04521938600637614
0.024396150479572554 0.045159350412432485
0.02428331914734835 0.045099956910402667
0.024177533280002238 0.04504119525413912
0.024072866839823813 0.04498305541434397
0.023969302151647266 0.04492552757286245
0.02386682191046733 0.04486860211715561
0.023765409171799687 0.044812269634945716
0.023665047342341036 0.04475652090902815
0.02356572017091804 0.044701346912243756
0.023467411739714766 0.04464673880260587
0.023370106455768667 0.04459268791857653
0.023273789042725576 0.044539185774486574
0.023178444532844535 0.0444862240560945
0.023089580239730827 0.044433794616279235
0.023001604589548256 0.04438737740003388
0.022914504318969492 0.04434142204663674
0.02282826642730735 0.044295921696738585
0.02274287817004582 0.044245462799379555
0.02265832705256136 0.044195498597092674
0.02257460082402797 0.04414602185043786
0.022491687471499763 0.04410235354712121
0.02240957521416506 0.04405910715977864
0.02232825249776627 0.0440162766030836
0.022247707989179907 0.043973855908175104
0.02216793057115151 0.04393183921988479
0.022088909337180256 0.04389022079404272
0.02201063358654835 0.043848994994859544
0.021933092819490456 0.043808156292382314
0.02185627673249852 0.043767699260021685
0.021775064171353317 0.0437225135217558
0.021694603578366865 0.04367774616995534
0.021614884557666005 0.04363339142047561
0.021530856148473252 0.04358944359530305
0.021447595122012855 0.04354589712013206
0.021365091013974824 0.04350773554852786
0.02128333354944845 0.04346991933051284
0.021202312638656545 0.043432443799146604
0.02112201837280448 0.0433953043712007
0.02104244102004038 0.04336339610383979
0.020958687053991783 0.043322015523524306
0.020875674273483438 0.04327614420534189
0.02079339288311173 0.04323067703974258
0.020707013531240902 0.04318079402749689
0.02062138858418991 0.04313134667474679
0.0205317303729543 0.04307278267929562
0.02044284842328783 0.043019478538131865
0.020354732697325385 0.04296663391542642
0.02027208964135645 0.04291424289463261
0.02019015293629323 0.04286229966034131
0.020104237391883474 0.04281547008837273
0.020019049945307694 0.042769037377183544
0.01993458138013762 0.042718364333695295
0.019855439864492352 0.04266811711410191
0.019772362710247612 0.04261829037333356
0.019689977865621582 0.04256887885540496
0.0196082767126522 0.042519877391567054
0.019527250775823055 0.04247128089850466
0.019446891719132425 0.04242308437657859
0.019367191343234343 0.04237528290811093
0.01928814158264971 0.04232339043795935
0.019209734503045445 0.042271919857809016
0.019131962298579674 0.04222086604348986
0.01905481728931121 0.042170223953479725
0.018978291918671404 0.04211998862724477
0.018897983148370465 0.04206576330409083
0.018818314288589853 0.042011970055224966
0.01873927772134718 0.04196296076024779
0.018656522478736694 0.041918678409695306
0.018578745222298503 0.04187474473906843
0.01850157798355787 0.04183115564625039
0.018425013613869896 0.04178790709321999
0.018349045075852645 0.041744995104804616
0.01827366544123088 0.04170241576746223
0.018198867888729743 0.0416601652280916
0.018124645702017078 0.04161823969286997
0.018050992267693015 0.041576635426117475
0.017977901073325624 0.041535348749187524
0.01790536570553137 0.041494376039382504
0.01783337984809919 0.04144955502302491
0.01776193728015707 0.04140507227848888
0.017695163079855726 0.041356796284354555
0.017628889060830048 0.04130888190815383
0.017563109624035907 0.04126132510192474
0.01749781925368633 0.04121412187789811
0.017433012515709716 0.0411713348625021
0.017368684056242152 0.04113291490385991
0.017304828600153026 0.04109477744491362
0.017241440949603015 0.04105691938127096
0.01717851598263366 0.041019337653859275
0.01711604865178772 0.040982029248101494
0.017054033982759505 0.040941013300539446
0.016992467073074453 0.040900293497003117
0.016935295970856787 0.04085986664169367
0.01687853469732885 0.04081972958463017
0.016822178861468976 0.0407838002863653
0.016766224134761126 0.040744219601079226
0.016710666250086666 0.040697132365133455
0.01665550100063959 0.04065037790117317
0.016600724238864672 0.040603952694001334
0.016546331875418 0.040557853277757024
0.016492319878149277 0.04051207623505288
0.016438684271105425 0.04046661819613065
0.01638542113355493 0.040421475838034265
0.01633252659903247 0.04037664588380015
0.016279996854403265 0.040335911442265525
0.01622782813894677 0.04029545696252839
0.016176016743459157 0.04025527956826891
0.01612455900937419 0.040215376422434404
0.01607345132790204 0.040186947761976205
0.01602269013918564 0.04015871183819908
0.015972271931474078 0.040134375303658876
0.015922193240312764 0.040110202651506145
0.015872450647749847 0.0400861922319182
0.015823040781558585 0.04006234241714356
0.01577396031447527 0.04003865160113407
0.015725205963452307 0.04001511819918445
0.01568041322403394 0.03998810572252399
0.015635916146261898 0.0399612715460395
0.01559171181242257 0.039931002646448804
0.015547797343067432 0.03990453165497758
0.01550416989638782 0.039878233676522504
0.015460826667601884 0.03984853104588389
0.01541776488835352 0.03981902128947021
0.015374981826122945 0.039793255363768765
0.015332474783648697 0.03976765566984604
0.015290241098360776 0.039742220604180055
0.015251800233794383 0.03972046700485351
0.015213604997755571 0.039698852406161646
0.015175653043474967 0.039677375480072906
0.015137942053983448 0.03965603491541965
0.015100469741640607 0.039638303050284956
0.01506323384767217 0.03962068305811641
0.015026232141716113 0.039603173883508674
0.014989462421377336 0.03958577448429033
0.014952922511790676 0.0395650536190716
0.014916610265192094 0.03954446185581685
0.014880523560497853 0.03952399799171276
0.014848062422806774 0.03950705919153054
0.014815801662508852 0.03949022495184327
0.014783739429966608 0.03947349430747715
0.014751873898237507 0.039456866305101014
0.014720203262726932 0.03944034000304522
0.01468872574084752 0.039427260769399376
0.0146574395716847 0.03941092491761657
0.01462634301566832 0.03939468807099608
0.014595434354250229 0.03937854933221016
0.014561401995814674 0.03936911952242145
0.014527574035928283 0.039359746348126966
0.01449394863867594 0.03935042930062466
0.01446052399006391 0.03934116787728655
0.01442729829769362 0.03933522769385571
0.014394269790441254 0.039329322763738996
0.014361436718143042 0.039323452774037176
0.014328797351286119 0.03931761741554304
0.014296349980704825 0.0393118163826871
0.014264092917282365 0.03930604937348427
0.014232024491657698 0.039303524638536036
0.014203346799513739 0.03929781543039022
0.014178030239640782 0.03928256819231599
0.014149675300065822 0.039267409344027705
0.014124660198629842 0.039252338119139925
0.014099789276452859 0.039237353760101644
0.014075061290610225 0.03922245551806933
0.01405047501242285 0.03920764265278218
0.01402602922725369 0.03919291443243954
0.014001722734307716 0.039181397158749416
0.013977554346435299 0.03916994532411436
0.013953522889938928 0.03915855837239508
0.013929627204383215 0.03914413522878056
0.013908961525077404 0.03912979334231317
0.013888411945093534 0.03911553202824166
0.013867977488807056 0.03910135060948708
0.013847657191494243 0.039087248416535596
0.013827450099180388 0.03907016721652936
0.0138073552684905 0.03905318091207872
0.013784327830636555 0.03903628871457794
0.013761427616196168 0.03901948984413518
0.01373865357373617 0.03900580740801595
0.0137160046633776 0.03899220015011716
0.0136964904343021 0.038975660143169714
0.01367708284035816 0.03895921051877389
0.013657781009868955 0.03894285053810775
0.013638584080632411 0.03892657947038
0.013619491199792812 0.03890742166760858
0.013600501523714507 0.03888836742052781
0.013581614217857649 0.03886941589176014
0.013562828456655936 0.03884761511267065
0.013541197415761997 0.0388200441816414
0.013519682048883534 0.038792620688746
0.013498281430628421 0.038765343454479365
0.013476994645449134 0.03874113144454983
0.013455820787512179 0.038717047880296326
0.013434758960569598 0.038693091742308706
0.013413808277832518 0.03866636500377692
0.013392967861846686 0.03863977893229003
0.013375120993576276 0.03861045042869969
0.013357367564406758 0.03858414992453754
0.01333970684243917 0.03855511981785304
0.013322138103398495 0.03852624090964085
0.013304660630534655 0.03849465980088687
0.013287273714525033 0.03846324232482073
0.013269976653378509 0.03843198721297199
0.013252768752340988 0.03840089320994721
0.013235649323802374 0.03837278196535704
0.013218617687204984 0.03834199922708525
0.01320167316895336 0.0383113739452752
0.01318481510232547 0.03828090491490296
0.013168042827385254 0.03825338510357846
0.01315135569089651 0.03822600498672768
0.013134753046238089 0.038198763503379946
0.013115459352190056 0.03817165960328144
0.013096262855593144 0.03814469224676026
0.013077162823803255 0.03811786040459346
0.013058158531521083 0.03809116305787611
0.01303924926070032 0.03806459919789235
0.013020434300457219 0.03803542940946708
0.013001712946981497 0.038006404744367304
0.0129803577686671 0.037977524122270505
0.01295910830905723 0.03794878647355042
0.012937963785050372 0.03792290210957714
0.012914216808618342 0.037897145254786
0.01289058652494519 0.03786881692256136
0.012867072075995929 0.03784331888859521
0.012843672612127103 0.03781794553939173
0.012820387291984465 0.037795374105975554
0.012797215282402134 0.03777291250921834
0.01277415575830321 0.0377478948066823
0.012751207902601862 0.03772033940530864
0.0127283709061068 0.037692917121816
0.012705643967426171 0.03766827303011132
0.012680384723896555 0.03764374741961675
0.012655246627817921 0.0376193394379495
0.012630228809710953 0.03759504824088353
0.01260533040839686 0.0375734936098522
0.012580550570898548 0.03755204161992103
0.012555888452343221 0.03753069153968074
0.012531343215866355 0.03750944264465486
0.012504316164898735 0.037488294217217756
0.012477416600020585 0.03746724554651385
0.012450643621330098 0.037446295928377955
0.012423996337375247 0.03742544466525678
0.012397473865054845 0.0374046910661315
0.012371075329520986 0.03738403444644138
0.012344799864082856 0.037363474128008556
0.01231864661011188 0.037343009438963785
0.012290065063452689 0.03732263971367329
0.01226161583876877 0.03730490588961612
0.012233298019279696 0.03728725397698647
0.012205110696654628 0.03726968340957631
0.012174526762509299 0.037254717530635834
0.012144083121639867 0.037239820302516186
0.012111264170196513 0.037230015445106075
0.012078595076978928 0.037217749086207945
0.01204857800241505 0.03720803917397125
0.01202119487059138 0.037195878517320695
0.011993935925306592 0.03718128361381309
0.011969286524246087 0.037169238515699775
0.011944748407163282 0.037154769638848235
0.011920320822139409 0.03714036593711765
0.011896003024014518 0.03712602697112518
0.011869330371494307 0.037111752305428646
0.011845235450431821 0.037102453301645355
0.01182124809598122 0.03709074548232857
0.011797367589434634 0.0370815346852951
0.011773593218472697 0.03707236482513732
0.01174992427709374 0.03706323562954788
0.011728791255815007 0.03705171818401288
0.011707751537058475 0.037040251588127036
0.011686804504287654 0.03703850621564737
0.011665949546386155 0.037034356424771674
0.01164518605759826 0.03703022483473316
0.011624513437470266 0.0370285128602203
0.01160153175017571 0.037024412070934244
0.011578650200952154 0.03702032915001109
0.011555868136725222 0.037013877924756404
0.011533184910087126 0.03700745468746378
0.011510599879235344 0.03700343498330738
0.011485738972368745 0.036999432642883835
0.011460985224583466 0.03699544755392764
0.011436337944530599 0.036991479605138995
0.011411796446795556 0.03698752868617347
0.011385006945503566 0.03698594479708608
0.011358331929259833 0.036991401797906685
0.011331770665750616 0.03699683552793489
0.011305322428894628 0.03700224613570765
0.011276653381998661 0.03700763376850049
0.011248105814114966 0.03701299857234081
0.011219678954763548 0.03701834069202113
0.011191372039966355 0.03702597490384066
0.011163184312178834 0.03703357697161041
0.011135115020222354 0.03703884219053798
0.011107163419217473 0.03704408533307591
0.011081627720314166 0.037053896859853386
0.011056198642283107 0.03706366741992197
0.011030875518743844 0.037075682555856984
0.01100565768885755 0.03708536719738889
0.01098054449726954 0.037097287457702875
0.010955535294052495 0.037104615966267615
0.010930629434650395 0.03711418079925612
0.010905826279823151 0.03712144425553492
0.010883386308053968 0.037128677821047146
0.010863294961747004 0.037131375792710676
0.010843285957023267 0.037134062707113294
0.0108211115481132 0.037132250416265125
0.010801270301395752 0.03713492457872415
0.01077927178754362 0.037139822535144536
0.01075736269854455 0.03714470058117297
0.010735542490231072 0.037151784265784124
0.01071381062284194 0.03716105999628397
0.010692166560977613 0.037176945725045075
0.010672825299073551 0.03718613332465729
0.010651350801489903 0.03720190467759164
0.010632169174692861 0.037222016566392166
0.01061526662856944 0.03724204784641994
0.010600629478019593 0.03725761274219317
0.010586050759208468 0.03728624525193126
0.010567152053824714 0.03732567660084427
0.010548328492398746 0.03736495116506976
0.010529579627645105 0.03739972281473064
0.010513081051469779 0.03743435675488792
0.010496647687057993 0.037462357038220116
0.010480279148541322 0.03749240843492794
0.010466138227685228 0.037522341519050297
0.010452052870368845 0.03754785059464441
0.010438022749747821 0.03757540873097056
0.010424047541536271 0.03760500365550699
0.010412273183225223 0.03763234251579111
0.010398402653343002 0.03765743826331677
0.010384586094394176 0.03768243636201938
0.01037295694874735 0.03771372134681128
0.010363502478310277 0.03774063758474572
0.010356210038411843 0.037769569456282154
0.010351067076900717 0.03778992554028697
0.010345943934123738 0.037808090665065325
0.010340840495742057 0.03782618592397914
0.01033575664829466 0.03784421171932707
0.01033279731050959 0.037862168450325015
0.010329849289503812 0.037880056513135585
0.010324815523637678 0.03789578372592447
0.010321893936591678 0.03791145102552178
0.01031898345824167 0.03792705875363773
0.010318169044553157 0.037946768359362844
0.010315276645462125 0.037964326800538774
0.010314472318049899 0.037988035938905346
0.010315744197983265 0.03801372360717341
0.010319080505307617 0.038043442025106886
0.010322404270123228 0.038070988967106846
0.010323654109546512 0.03810048843157728
0.010324899267923269 0.038127825373033296
0.01032819351861353 0.03815301168097338
0.010329425561830172 0.038178104010152494
0.010328606868874055 0.0382051436957371
0.010327791219386177 0.038232082862044436
0.01032697859642701 0.03825688883098495
0.010324134158886382 0.03828160292596642
0.010323331299894717 0.03830014713677013
0.010322531403482356 0.03831862291875169
0.010319710871108516 0.03833299215097224
0.010316900708338994 0.038349324197202536
0.010314100858093395 0.03835754733201267
0.010311311263709502 0.03837578263171736
0.010308531868939444 0.03838392733013969
0.010303757460375046 0.03838803869832278
0.010296998905894982 0.038392135088844
0.01028826699916284 0.03839821119801466
0.010281561090000692 0.038392316715563105
0.010274879477610873 0.03838047800819384
0.010268222030184489 0.03836669690161567
0.010261588616864338 0.038350983780350976
0.01025497910773633 0.03833730547817101
0.010248393373821014 0.03832959947107512
0.010241831287065177 0.03832389166478451
0.010235292720333555 0.03832017116445759
0.010228777547400616 0.03832627818407878
0.010224247866022487 0.03833040439641877
0.010219734333241073 0.03833256021956443
0.010215236862853899 0.038336660569875655
0.01021075536927094 0.03834074635411118
0.010208238041177355 0.03834481764975012
0.010203784798583498 0.03834304853221874
0.010199347291829197 0.03834516297152778
0.010192987439552286 0.03834339948523676
0.01018664998112142 0.03834550586146193
0.010180334798467111 0.03834760483390424
0.010175969572462166 0.03834969644153095
0.01017161963621556 0.03835178072303639
0.010167284909536245 0.03835385771684425
0.010162965312792987 0.03835592746111002
0.010160575098527648 0.03835798999372331
0.010158193198051056 0.03836004535231011
0.010155819568062231 0.038360188659026906
0.010151549787139504 0.03835652776443996
0.01014729478054523 0.03835287953730833
0.010141156639388537 0.03834355694331349
0.01013314507656755 0.038330481028015485
0.01012326974267721 0.03831367066108045
0.010113428344642163 0.03829691806172938
0.010105505569099409 0.03828210624296308
0.01009760992634961 0.03826734514960352
0.010089741277250238 0.03825263452152039
0.010081899483608542 0.038237974100359055
0.010074084408173463 0.03822336362952535
0.010066295914627616 0.03821067002823444
0.010060399505690763 0.03819801952915504
0.010054523084580812 0.03818541191312337
0.010046807225221482 0.03817656197353145
0.010040973616818777 0.0381677419323841
0.010035159683317937 0.038160802680445596
0.010027515391263894 0.03815019080766324
0.010021743619263149 0.0381396146050415
0.010014147489370453 0.03812538979483334
0.010008417445084775 0.03811121263893073
0.010002706564826807 0.03809708289826526
0.009997014752616445 0.03808483322075641
0.0099931733213215 0.03807262437550593
0.009989344673491761 0.03805862937275297
0.009985528745422256 0.03804468086502577
0.009983547739749063 0.03803077862100579
0.009981573293697307 0.0380169224109064
0.009979605374739936 0.038003112006460234
0.009977643950564602 0.037987535349417824
0.009973878731495548 0.0379683919864688
0.009970125898015537 0.03794931159510841
0.009966385389111815 0.03792488387145494
0.009962657144171713 0.03790053623869869
0.009958941102979367 0.03787447068723873
0.009955237205712487 0.037848490317319496
0.009951545392939137 0.03782976115536523
0.00994786560561456 0.03781645800644929
0.00994419778507803 0.037806768400337545
0.009942325682057591 0.03779532807187996
0.009940459647442406 0.0377839248271451
0.009938599651774195 0.03777255848611488
0.00993674566578504 0.037761228869934514
0.00993489766039585 0.03775170648505999
0.00993305560671484 0.03774044693527803
0.009931219476036018 0.03772922358983622
0.009929389239837707 0.03771803627439582
0.009929325775421934 0.03770688481573568
0.00992926251409229 0.03769752556042687
0.009929199454875522 0.03768994979693465
0.009929136596804581 0.03768239819855724
0.009930823590571984 0.0376766185287074
0.009932505220289253 0.03767085723618617
0.009934181511499484 0.037663371903453015
0.009937593780716144 0.03765764986483083
0.009940995251612501 0.03765194593392581
0.009944385975365426 0.03764626002491938
0.009947766002828907 0.03764059205253442
0.009951135384536599 0.037634941932030985
0.009956221726551365 0.037629309579202096
0.009961292098889477 0.03762369491036953
0.009966346576643456 0.0376180978423797
0.009971385234435765 0.03761251829259953
0.009976408146422472 0.03760867115677861
0.009981415386296896 0.037604836024501584
0.009986407027293207 0.03759930320442114
0.009991383142189995 0.037595494570148644
0.009996343803313813 0.03759340195821108
0.010001289082542672 0.03758961428287619
0.010006219051309523 0.03758583833409033
0.010011133780605688 0.03758207405747999
0.010016033340984273 0.03757832139900735
0.010020917802563539 0.03757288910953716
0.010025787235030255 0.03756747353480381
0.010030641707643001 0.037562074597780847
0.010035481289235463 0.03755500868216201
0.010040306048219679 0.037549645369529074
0.010045116052589264 0.03754262006715105
0.010049911369922606 0.037537292044961285
0.010053017180924573 0.03753532643587195
0.010057785874569937 0.03753336681037193
0.01006254007370574 0.03752974520635496
0.010067279844316093 0.037531130403342564
0.010072005251985202 0.03753251140276354
0.010076716361900396 0.03753720799231227
0.01008141323885512 0.037540233087763664
0.010087753102125924 0.0375399390201268
0.010094073869423018 0.03753634024354108
0.010102027745981172 0.0375278004089609
0.010109957737024137 0.037520934488848794
0.010117863949983014 0.0375190258201734
0.010125746491645608 0.037515479900333625
0.010133605468161227 0.03751194458115108
0.010141440985045456 0.037508419815160114
0.010149253147184876 0.03750490555517807
0.010157042058841737 0.03750140175430311
0.010164807823658606 0.03750116975503152
0.010172550544662965 0.03749931023385545
0.010180270324271753 0.037495830294793746
0.0101879672642959 0.03749236065140974
0.010195641465944792 0.037487280008694
0.010203293029830708 0.037482214353124925
0.010212540056053345 0.03747716361848535
0.010221759885140033 0.03747212773894766
0.010230952636901944 0.03746549480190706
0.010240118430447543 0.037458881316294726
0.01024925738418774 0.03745228719667248
0.010258369615840977 0.037445712358101756
0.010267455242438292 0.0374407591510576
0.010276514380328325 0.03743582038485031
0.010287146246005623 0.03743089599641946
0.01029774720509665 0.03742439047551521
0.010308317392172897 0.03741790383856134
0.010318856941025736 0.037409845065241296
0.010330955767345638 0.0374018096168802
0.010343019625959411 0.03739696995779924
0.01035504866824241 0.03739056032959794
0.010367043044697504 0.037382587404407926
0.01037900290496136 0.03737621691550129
0.010390928397810664 0.03736986473259726
0.010402819671168292 0.03736353077690387
0.01041625064680923 0.0373603600327639
0.010429643193335317 0.037358768462591646
0.010442997475442757 0.037357181439762736
0.010456313656887978 0.03735559894481637
0.01047115663981818 0.03735402095840261
0.010485957395200926 0.037352447461281635
0.010500716102983153 0.037352437260689646
0.01051543294209082 0.03735087047377003
0.010531663893017976 0.03734775359118283
0.01054784892894958 0.03734309307059114
0.010562436836781416 0.037339995977789746
0.010578532813452616 0.03733381135386381
0.010594583449344462 0.037327644151413715
0.01060904407413285 0.03731840629194684
0.010623464079188688 0.03731073626941282
0.010637843635422488 0.037301548036314726
0.01065064447160333 0.037292385540564243
0.0106634095012494 0.03728478409260223
0.010674604663856701 0.03727720387773509
0.010687300669442039 0.03726505109385925
0.01069996131010931 0.037254461367713175
0.010711058924320671 0.0372439010983853
0.010722125711825889 0.03723337016313891
0.010733161800891426 0.03722286843991815
0.010742645795766411 0.03721391644217653
0.010753622974372651 0.037201952045767935
0.010764569829281083 0.03719002070017814
0.010773971258620877 0.037179636709862005
0.01078334678870629 0.03716928132557979
0.010792696526411828 0.03716046460583411
0.010802020578024766 0.037150164005717544
0.010809812077691402 0.03714139769853613
0.010817582230783607 0.037132655408634675
0.010825331124907024 0.03712393703744703
0.010833058847188574 0.03711524248694569
0.010840765484279723 0.03710806937338605
0.01084695436206762 0.037099420131828945
0.010853126399371738 0.03709079442562301
0.010859281664835357 0.03708219215883612
0.010865420226729199 0.037073613236056784
0.010870053454860182 0.037066545129026525
0.010874674143808133 0.037058010597147556
0.010879282344407576 0.037050982677756444
0.010883878107218628 0.03704397372710863
0.010888461482528838 0.03703698366851108
0.01089303252035504 0.03703001242568365
0.010897591270445149 0.037023059922756285
0.010900663025660564 0.03701612608426631
0.010903726545607305 0.03700921083515567
0.01090678186335874 0.037000844456621954
0.010908360127428064 0.03699103266954221
0.010909934177174105 0.036979781167765464
0.010911504029454157 0.03697002362983642
0.010913069701035727 0.036960292077361234
0.010913170098617773 0.036949126340341816
0.010913270229539574 0.03693799025999443
0.010913370094862113 0.03692688371832171
0.010913469695640752 0.03691580659795143
0.010913569032925266 0.036903306349891134
0.010913668107759887 0.0368908391275853
0.010913766921183336 0.03687840480032512
0.010913865474228858 0.03686600323809067
0.01091396376792426 0.0368536343115463
0.010914061803291946 0.03684129789203622
0.010914159581348956 0.036827552768869974
0.010914257103106997 0.036813843674860125
0.010914354369572478 0.03680017046853093
0.010914451381746546 0.03678509749459327
0.010914548140625119 0.036770063875678945
0.010914644647198924 0.03675506945785696
0.010914740902453528 0.03674011408799806
0.010913408063106247 0.036723769486854206
0.010913505674300569 0.036707467339219826
0.010913603032288161 0.03669120747990615
0.010913700138052988 0.03667498974458034
0.01091379699257392 0.0366588139697599
0.010913893596824773 0.03664267999280721
0.010913989951774334 0.03662658765192408
0.01091267010318235 0.036610536786146314
0.01091135365188404 0.036594527235338375
0.010910040584779299 0.03657855884018804
0.010910141391066788 0.036564041236293345
0.010910241938876618 0.036549560857024016
0.01091034222920166 0.03653511755939175
0.010910442263029707 0.03652071120113961
0.010910542041343506 0.03650634164073741
0.010909240058439235 0.036493409462674424
0.01090794139268886 0.03648051023283581
0.010906646031431488 0.03646764382546497
0.010905353962070579 0.03645620542043181
0.01090406517207353 0.036443402512587805
0.010902779648971276 0.03643063205824911
0.010901497380357889 0.036417893934174564
0.010900218353890174 0.036405188017746226
0.010898942557287275 0.03639112761040844
0.010896284347662055 0.03637710266437541
0.010893632833778965 0.03636311304566237
0.01089098799037105 0.03635053996515129
0.010888349792298333 0.03633937800422067
0.010885718214547003 0.03632824405322964
0.010883093232228632 0.03631713800687769
0.010880474820579395 0.03630605976039145
0.01087786295495928 0.036295009209521424
0.010875257610851327 0.03628261533290449
0.010872658763860848 0.03627162157197116
0.01087006638971468 0.036262022613399295
0.010867480464260417 0.03625244753283382
0.010864900963465669 0.036241532217966166
0.01086232786341731 0.03623064398824707
0.010859761140320744 0.03621978274298824
0.010857200770499167 0.03620894838199985
0.010853288477798487 0.036198140805587455
0.010849385845079784 0.03618735991454892
0.010845492836609462 0.03617660561017139
0.010841609416829955 0.03616452544813837
0.010837735550358637 0.03615382568628872
0.010833871201986757 0.03614315221378022
0.010830016336678367 0.0361325049338423
0.010826170919569262 0.03612053803323631
0.010822334915965933 0.03610860042736865
0.010819851599839432 0.036098034435482346
0.010817374347976975 0.03608749424577403
0.010814903138192233 0.036076979763845496
0.010812437948406965 0.036065153374412504
0.010809978756650372 0.036054691653840676
0.010807525541058438 0.036044255356648125
0.010805078279873278 0.03603251173854462
0.010801305040716644 0.03602079658981833
0.0107975409377323 0.03600778030509242
0.010793785937778149 0.035994795498685075
0.010790040007872195 0.035983168347164154
0.010786303115191588 0.03597024455592055
0.010782575227071657 0.03595867500108132
0.010778856311004963 0.03594713329113941
0.010775146334640353 0.03593561932569256
0.010771445265782019 0.035924133004820606
0.010767753072388574 0.03591267422908264
0.01076406972257212 0.03590124289951411
0.010760395184597331 0.03588721164701275
0.010756729426880546 0.03587715000712907
0.010753072417988861 0.035865801992847716
0.01074942412663923 0.03585709860291436
0.010745784521697575 0.035854950587354766
0.0107421535721779 0.035852807680036694
0.010739836266658077 0.035854580196146534
0.010737524458897495 0.035860253241103035
0.010735218129354357 0.035864612918757095
0.010732917258579366 0.03587026066334374
0.010730621827215191 0.03587330124178091
0.010727034500353838 0.03587763007287814
0.01072475141995777 0.035885829722165696
0.010722473717842964 0.03589788541862311
0.010720201375027253 0.03590991274873592
0.010717934372617687 0.03592062318702534
0.010715672691810023 0.035930021243234106
0.010713416313888191 0.03593811140903187
0.010711165220223789 0.03594618262830552
0.010707634215259373 0.03595423496753408
0.010704111460306557 0.03596098702380181
0.010700596926485487 0.03596644323158556
0.010697090585050945 0.03597060800775053
0.010693592407391572 0.03597348575165441
0.01069010236502908 0.03597635680313062
0.010686620429617488 0.0359792211854977
0.01068314657294235 0.03598080592454529
0.010679680766919995 0.03598111536435736
0.010676222983596764 0.03598142408787356
0.010672773195148269 0.03598173209757816
0.010668062499831495 0.03598203939594396
0.010663362671170584 0.035982345985432325
0.01065867367160797 0.0359826518684933
0.010653995463758961 0.03598295704756564
0.010649328010410757 0.0359832615250769
0.010644671274521447 0.03598356530344347
0.010638765057696556 0.03598260978287439
0.010632872371723496 0.03598165645135587
0.01062825044801537 0.035983216645627224
0.010623639088704291 0.03598477327374025
0.010619038257610817 0.035986326347907806
0.01061444791872052 0.03598912710466183
0.01060986803618305 0.03599691959391475
0.010605298574311193 0.036003446414778
0.010600739497579954 0.03600746502246704
0.010596190770625631 0.036012719837531744
0.0105916523582449 0.036017962736916036
0.010587124225393912 0.03602692061272575
0.010581363281929908 0.03603709886512428
0.010574373691878327 0.0360484932347846
0.010567399879682391 0.03606109947865082
0.010559202914038609 0.0360724410981952
0.010551024410029159 0.036086226661114766
0.010541628205584925 0.03609874791942651
0.010532253116206858 0.0361050796578684
0.010521665739708943 0.03611016594006437
0.010509870150314649 0.036111550581661295
0.010498100978813736 0.03611293212215722
0.010485128941190273 0.03611431057195852
0.01047218589136038 0.03611323352256774
0.010459271732266715 0.03611215887730506
0.010445161285899522 0.036114756905336144
0.01043108226591622 0.03611246070113517
0.010415812217396127 0.0361113905016536
0.010400576102317191 0.03610910314057716
0.01038537380769348 0.036108039043159436
0.01036898694528331 0.036106977305159486
0.010351419462283865 0.03610713331310765
0.01033389084539725 0.03610728897590549
0.010316400965785523 0.03610744429469715
0.01029773682448684 0.036110021718236324
0.010279113838957283 0.03611259345837189
0.010259321691584368 0.03612240832871843
0.010239573091290383 0.03613340800714064
0.010218660393031286 0.036146793296111666
0.010196587453582958 0.03616375894575477
0.010174562919703596 0.03618068739002585
0.010152586632338756 0.036196378270208135
0.010130658433130076 0.03621083551543573
0.010109979044323935 0.036225261160127316
0.010090544399105625 0.03623965530777808
0.010069953857422317 0.036254018061431796
0.010050605153900452 0.036267155319502975
0.01003249425487464 0.03628145689196079
0.010014422727368449 0.03630168341989795
0.009995197343326085 0.03632186602486457
0.009977205468712043 0.036342004849777024
0.009959252579741801 0.03635972577103305
0.009942527793180158 0.03637503609054108
0.009924651210646103 0.03638557239316159
0.009906813238441494 0.03639371731182652
0.009890199146271423 0.03639947812932478
0.009873620860334475 0.03640286211968233
0.009859443990351718 0.036406238824807674
0.009844116011774694 0.03641078798423743
0.009828820961186022 0.03641179172028499
0.009814737793466245 0.036411615819815106
0.009800684814744793 0.03641144029640947
0.009786661928054866 0.036407739715379375
0.00977266903684449 0.03640052462233723
0.009761054111958371 0.03639449791448267
0.00974946397880093 0.036387312353977325
0.009739070093962124 0.036380142114496514
0.009728698347323187 0.036374156367910755
0.009720686751910188 0.03636818335695603
0.009713859976779197 0.03636105630527061
0.009709380773197919 0.036351613165949065
0.009706076351435059 0.0363386964137141
0.009703942961206472 0.036328133720520926
0.00970181408608948 0.03631294467351155
0.009699689711765547 0.036297787738652304
0.009699890448547627 0.03628150294449733
0.009700090761834387 0.036265252506448166
0.009702606286202542 0.03624556373257481
0.00970511651472992 0.0362305415436949
0.009708776801155998 0.03621670588265016
0.009714737541680618 0.036195976174616916
0.009721838576615897 0.03617528997069287
0.009728924724685483 0.03615234390425336
0.009737146380576527 0.036125994401403606
0.009747648989664359 0.03609625189259005
0.009758129649725883 0.03606427508831693
0.00977088158568302 0.03602777678515227
0.009785897471212422 0.03599135459940817
0.009802026062811385 0.03595271891684986
0.009818121088142713 0.03591416364153934
0.009837607093080984 0.03586997707741007
0.009858192784283367 0.0358270233626846
0.009878735766582842 0.03578529867445953
0.009898098380129138 0.035742521732617376
0.009918557520233535 0.03569983335587221
0.009940109711081762 0.035656096908709134
0.009960483180100248 0.03561245082610631
0.009979681502761403 0.03556662684968671
0.009998840241252123 0.03551523368531858
0.010019090279851222 0.03546168347160043
0.010038169053059974 0.035408243443507216
0.01005833704757993 0.03535604236927895
0.010077336350240279 0.035303948484114805
0.010097422802928213 0.035254215153458356
0.010117468094852443 0.035205709478724055
0.010136348534713147 0.035157303099127395
0.010155190364267387 0.03510562548677594
0.010171750449737345 0.03505293125866381
0.010189397254446156 0.03499922356748086
0.010205888708865025 0.03494674523169851
0.010222346575800354 0.03489549253616664
0.01023765379739793 0.034840991378013796
0.010254045931790166 0.03478883384222821
0.010270404782660792 0.03473789756240808
0.010285616689986914 0.03468483619966667
0.010300797772779447 0.034629656385210525
0.010315948124635153 0.0345734764823167
0.010331067838772244 0.03451407851235644
0.01034504768520619 0.03445590992003068
0.010357891055745983 0.034398967039892744
0.010370708532393563 0.03434435352405763
0.010381287967581372 0.034289850005233255
0.010391846116179267 0.03423324604718306
0.01040238304236792 0.03418227592669845
0.01041289881007025 0.03413030516161077
0.010422291730690585 0.03407733680545261
0.010432766476124651 0.03402447459830479
0.01044212070454549 0.0339706186270667
0.010450357729769022 0.033913575180549486
0.010457480855014639 0.03385554851622488
0.010464589762445395 0.03380421502858331
0.010470589198210655 0.03375188864677209
0.01047767088835251 0.03370294911447391
0.010484738485578658 0.03365629339505062
0.010490700001830569 0.033611914804516044
0.010496649677931036 0.033570897852400694
0.010501497646286852 0.03352887217762203
0.010505247145732947 0.03348692980447821
0.010507901404901458 0.03344507048553864
0.010510550413309993 0.03340438084512203
0.01051210848937116 0.03336702910902381
0.010512578835070433 0.03332975111771551
0.010513048253066157 0.03329146295073234
0.010513516746100312 0.03325541550806793
0.010512902839307297 0.03321943902493632
0.010511209702124583 0.03318461381580747
0.01050951989134105 0.03315093649314306
0.010507833397163569 0.033118403680097774
0.010507227469758894 0.03308701201046686
0.010506622729283512 0.0330578344192261
0.01050601917225329 0.0330297891566694
0.01050326857284312 0.033001798723560516
0.010500523345697422 0.032974936078521117
0.010497783475092497 0.032949197907762386
0.010496119926212764 0.03292458090782855
0.010494459616960841 0.03290108178554682
0.01049280253788256 0.0328786972579776
0.010490080821106824 0.0328563562377506
0.010487364389218028 0.0328351253760467
0.010484653226838234 0.03281393569933156
0.010483012072863087 0.03279385177267253
0.010481374096339976 0.03277380673067305
0.010478676593321898 0.03275486305772843
0.01047598430287004 0.03273701753070395
0.010473297209890098 0.03271920645450385
0.010471674919740239 0.03270248918866595
0.010470055755390286 0.032685804133359524
0.010468439707814825 0.03266915119558016
0.010466826768023166 0.03265358665004114
0.010465216927059155 0.03263805200756752
0.01046255564015761 0.03262254718206602
0.010459899456394898 0.03260707208777353
0.010457248361106826 0.03259162663925555
0.010454602339685336 0.03257621075140459
0.010451961377578227 0.032561874609291046
0.010449325460288894 0.032547565852358226
0.01044669457337607 0.032533284402213446
0.010444068702453548 0.03251903018076294
0.010440401314213898 0.03250480311021043
0.010436740904829128 0.03249164834600288
0.010433087454397562 0.03247851859085276
0.01042944094309312 0.03246541377350919
0.010425801351164969 0.0324523338229917
0.010421127084674022 0.032439278668588936
0.01041646167096052 0.03242728848108889
0.010411805084898319 0.0324153209807932
0.010407157301456275 0.03240441433305511
0.010402518295697785 0.032394565485050965
0.01039788804278035 0.0323847352197789
0.010393266517955125 0.032374923484695846
0.010388653696566481 0.03236513022745665
0.010383015806058214 0.032355355395913096
0.01037842128951419 0.03234559893811305
0.010372803594487678 0.032335860802299485
0.010367196439226695 0.03232614093690958
0.01036159979409741 0.03231746866601289
0.010356013629576982 0.03230881263532388
0.010351465862106111 0.03230120019675798
0.010346926595135185 0.03229360198704922
0.010343421818716591 0.03228806875833989
0.010339923581059972 0.03228254585281845
0.010336431863883609 0.03227703324162231
0.010332946648973867 0.032275620292673377
0.010329467918184888 0.032274209972466675
0.010327016884781043 0.03227484276767283
0.010324570402971264 0.03227547438777184
0.010323147779521837 0.032278141249533834
0.010320709418257822 0.032281820314624496
0.010319293004282108 0.0322844763618954
0.010319912130719158 0.03228814275978667
0.01032053011274505 0.03229180238060236
0.010321146953529897 0.032295455243115515
0.01032277626758311 0.03229808891112667
0.010324402578292447 0.03230071772445024
0.010326025893954436 0.032305362796752335
0.01032764622283508 0.032309999322463256
0.010329263573169985 0.03231462732514897
0.010330877953164515 0.03231924682828889
0.010332489370993918 0.03232385785527626
0.010336111967892546 0.03232946622573081
0.010339727929998318 0.0323350643244446
0.01034333727552201 0.032340652179610886
0.010346940022607819 0.032346229819319824
0.010352542838874846 0.03235279930914796
0.010359137787106376 0.03235935681085597
0.010366722115402611 0.03236690248112363
0.010375293079476511 0.032370437043966284
0.010384847942619744 0.03237496373113694
0.010394385433284532 0.032379482187967296
0.010403905598807335 0.03238399243688333
0.01041340848635278 0.03238849450022964
0.010422894142914464 0.0323929884002698
0.010433357539792859 0.032403436569360934
0.010444795974499058 0.032414858342359736
0.010456213724874867 0.03242824239928369
0.010467610846975381 0.03244160227543633
0.010478987396653329 0.03245790629955277
0.010489353038583005 0.032473192498027686
0.010500689502413238 0.03248449997841958
0.010512005558567811 0.03249183792361855
0.01052428893109462 0.03249817603805876
0.01053655023107421 0.03250745973673861
0.010548789517947913 0.03251968025404361
0.010561991810224387 0.032534828792298486
0.010574186365778289 0.03255093240538465
0.010587342282555763 0.0325689695430424
0.010599492348321258 0.032585994167888495
0.010610639207607962 0.03260200888355298
0.010620785497866048 0.03261897360787211
0.01062993384949497 0.03263395248994201
0.010638086885875584 0.0326498816419086
0.010646225402155787 0.03266480632469251
0.010654349437090297 0.03267775367253553
0.01066148258952673 0.03269067800287129
0.010667627459430019 0.032702605567712886
0.010673761424506507 0.032716457755293235
0.010678910593310137 0.03272931340027991
0.010683077547417564 0.032740203730069764
0.010686264861612234 0.032751074784939646
0.010687503640149459 0.032761926616016644
0.010688740230032025 0.032771790432678194
0.010689974637055132 0.032780668757687946
0.010690237947501057 0.032790498650385656
0.010689532704767043 0.032800311221686536
0.010687861445629474 0.03280817538005892
0.010686193126261715 0.032816025705259134
0.010683562162157486 0.03282386223375426
0.010680935817832193 0.03283168500188328
0.010678314081128524 0.032838531731789064
0.010674733885659368 0.03284151974296397
0.010669235498794762 0.03284258037850678
0.010663746732904546 0.03284363915816938
0.01065730699918142 0.032846614869117094
0.010649918782290524 0.032847668275810316
0.010640625659443848 0.032849677597879594
0.010630390675733292 0.03284594087620643
0.010619216294779599 0.03284412344170666
0.010608061364445497 0.032841353645605066
0.010595970275125415 0.03283858866654017
0.010583900195517446 0.03283487456503906
0.010571851070908796 0.03283116691163083
0.010558869781093369 0.03282841796176903
0.010546863228983542 0.032821867638930594
0.010534877467440138 0.0328115249722942
0.010522912442508402 0.03280120019954472
0.010510968100420109 0.03278614592260526
0.010499044387592762 0.03277111764614411
0.010487141250628794 0.03275137534225994
0.010475258636314762 0.032736402951258514
0.010463396491620567 0.03272145635248964
0.01045155476369865 0.032706535479364085
0.010437843667424434 0.03269352952117085
0.01042415612973488 0.032677714412121216
0.010410492089964106 0.03265721077942797
0.010396851487654348 0.032632972670771754
0.010384175885620128 0.03260500954080537
0.010371521988383913 0.03257709429291084
0.01035982976140185 0.03255016683898754
0.010348157521132577 0.0325223461835696
0.010337443638826651 0.03249457304421557
0.010326748039596335 0.032466847299297295
0.01031794433282771 0.032434484726831386
0.010309155623855966 0.03240217728651618
0.010300381874388854 0.03236992483758876
0.010291623046264374 0.03233772723976494
0.010283812746867857 0.03229998293167065
0.010276948558338347 0.03225857206005208
0.010270096013894553 0.03221816326120505
0.010263255083932868 0.03217875401896047
0.01025642573894995 0.032139411515483454
0.010250537638793179 0.03210013558138626
0.010245588389805424 0.0320609260478539
0.010240647501035555 0.03202085482502581
0.010235714951318461 0.03198085123295356
0.010230790719560418 0.03194091510056439
0.010225874784738784 0.031899195200647636
0.010221892104114606 0.03185569618055572
0.010217916122700897 0.031811346488499835
0.010213946823608893 0.0317652253335598
0.010209984190006547 0.03172287069773978
0.010206950068245487 0.03168150872055994
0.010203921033025516 0.03163653303487912
0.010201817377198568 0.031589792960471035
0.010199717242134509 0.03154496929749435
0.010197620619001996 0.031498383942054654
0.010195527498999195 0.03145738227952944
0.01019343787335366 0.03141736608076939
0.010191351733322213 0.0313746679934055
0.01018926907019082 0.03133204106952054
